0 1 49.502558078039975
0 5 98.64218071060115
0 11 126.48775131045429
0 12 33.64655757421277
0 19 59.51206785015718
0 20 135.2272564582465
0 30 75.02638101676972
0 37 145.08123570774666
0 44 30.408672101692282
0 47 49.031979334491716
0 55 281.212260137965
0 63 51.52898015745111
0 66 6.242479446160398
0 68 7.010479267796678
0 82 48.55423230398288
0 84 219.8721838778506
0 86 164.6839193761739
0 111 26.50487139914523
0 128 12.62200168213625
0 134 101.20123401051738
0 136 85.00913282579852
0 141 56.863242131103235
0 149 58.794344611916074
0 157 12.449388470933764
1 7 11.735983702822942
1 8 24.332107469960278
1 10 51.771088558175485
1 12 67.84136756093797
1 20 114.10412632335283
1 56 31.074655464282408
1 60 95.6451988074587
1 71 6.701088774301217
1 80 14.94166189104741
1 101 43.878434149415256
1 120 63.55888126946629
1 124 46.695114485267624
1 130 25.041651822518837
1 137 52.698600429487065
1 149 164.10352884904495
1 160 40.32295406612312
1 161 26.65206921669081
2 11 356.97143396145685
2 43 78.26231974785097
2 58 2.003717565250088
2 66 6.672311431709654
2 82 71.6527780658576
2 91 223.81295753523935
2 97 52.89778788998346
2 100 33.370486689066254
2 101 5.114615547605216
2 118 10.312497452896935
2 127 52.3539206420219
2 130 65.35261726960061
2 149 243.77410984966443
2 152 157.09483409844495
2 154 48.95789875851712
2 161 19.896425501138335
3 5 20.12348298368142
3 20 75.60495987246551
3 49 93.57298908253122
3 76 91.77681139620633
3 83 287.45698769021124
3 124 24.930431083519462
3 137 128.12089868014002
3 143 183.92623122920833
3 151 21.01327297135108
3 154 84.34155822904236
3 155 22.768691164958
4 6 183.98787332958045
4 18 148.62797097223068
4 27 42.52722820271534
4 52 113.5333076525976
4 62 126.13616209590974
4 81 4.312042661298771
4 85 46.656572008951436
4 102 338.12963969614276
4 105 13.931549975196623
4 110 66.06760063346253
4 111 54.24475612323747
4 112 193.43510921376446
4 123 20.368659728398683
4 133 360.02485809137346
4 145 3.528354501133439
4 149 266.5866592337394
5 6 187.34983014587772
5 9 38.09726290491266
5 19 34.42885863156956
5 23 47.59945689428303
5 25 82.72162208766512
5 40 34.863643014093235
5 47 187.89454883946263
5 65 71.74473877769245
5 74 9.992951827154693
5 75 52.59788297614222
5 78 14.422000917250674
5 83 380.37404419381915
5 85 61.443656390712455
5 87 212.01586880720532
5 108 39.10338833269145
5 113 0.8106790603130608
5 136 113.48149200332351
5 144 104.65750395449791
5 156 150.5051317913679
5 161 6.597762453463339
6 29 16.099817183079196
6 37 74.8911095170669
6 40 167.8859808421838
6 69 39.90401123378093
6 81 1.304776407917038
6 83 85.25929340793193
6 100 36.20398989430692
6 107 45.605804948583845
6 111 9.348181644545305
6 116 14.268108297669437
6 118 30.998784000253185
6 123 226.11376227277432
6 128 55.110276434369965
6 145 85.72749688014602
6 148 21.165669246182645
6 154 36.924118784774755
6 155 94.25626517706047
6 159 34.64864954522985
7 10 45.58036981929344
7 19 264.5760579225687
7 26 152.1579394992315
7 36 14.379843022449545
7 37 14.030996570044204
7 44 9.0041309454125
7 53 100.98274270058698
7 58 148.76886718480498
7 72 37.28457996680255
7 77 6.941259142748722
7 87 91.68883802672529
7 92 177.02362542867627
7 97 45.468724126814514
7 99 256.09613071126165
7 114 1.862724682092354
7 126 40.55559423478767
7 128 21.394606146029744
7 134 51.806298885065985
8 22 163.047719427728
8 25 71.00145546690801
8 39 133.80436322554192
8 68 250.78986174988896
8 83 87.47540982128928
8 89 160.60835907046322
8 90 133.21368726613832
8 93 51.62775457188175
8 95 187.8397464049591
8 99 256.0143148644641
8 110 45.34661882726391
8 122 52.20619726647533
8 126 89.39780636796107
8 139 150.2800807426771
8 141 10.223721598309233
8 151 12.224935747574262
9 20 197.1942496187683
9 21 99.64027637167645
9 43 6.615660728397213
9 51 235.5951485612077
9 55 46.698480403372955
9 64 11.324121532835
9 71 36.380720339478245
9 95 119.8720748818531
9 120 15.43360963428495
9 124 64.27993634694265
9 133 46.10819817891508
9 150 270.329947467811
9 151 179.43013363662772
9 156 82.50024752495945
9 159 126.07030901434702
9 160 147.30731001389591
10 17 157.79314180842587
10 23 33.75573584037778
10 25 45.59215571743534
10 26 189.47047722907965
10 31 110.70798267118265
10 52 237.8690391294889
10 53 512.4151472779512
10 55 190.9719891925621
10 57 74.82144926056827
10 63 25.67322031908538
10 64 106.02431797523636
10 68 75.8823143897076
10 85 38.35733295106376
10 103 183.06006155130177
10 110 50.685768055581875
10 111 50.01928232474064
10 116 42.591602719802545
10 119 32.98931463997038
10 124 86.95801547708167
10 128 87.8314429827999
10 130 146.02374618939433
10 133 0.2137364743681014
10 136 60.33787905584352
10 137 71.79551556546086
10 147 128.7016953026217
11 18 24.63317857599489
11 20 486.04007613441036
11 29 157.96077181793888
11 34 60.17987331742511
11 44 110.43236616247059
11 58 545.7932523055682
11 61 140.72415845236728
11 62 6.242844084975754
11 71 79.36535020503158
11 92 0.5952245368720377
11 99 42.21861480876282
11 105 38.26879702325543
11 112 3.8382324360253013
11 123 89.23571288928339
11 135 22.772509538039646
11 144 271.21315455960126
11 147 31.712131589228903
11 148 96.3000695529355
11 153 245.4791562939745
12 18 203.53975267530623
12 26 90.59311294834414
12 30 7.506446931338904
12 31 83.7898789467585
12 32 46.80577665337292
12 44 28.493947750096318
12 52 58.76619901999694
12 66 135.5793250671076
12 76 13.03333509871047
12 87 185.94676129937463
12 113 1.9702338208735548
12 123 21.842372575503596
12 131 165.89092796779545
12 134 105.99089353871855
12 139 85.83237443790567
12 140 25.89730384268336
12 142 45.626824070640005
12 143 23.770892241349767
12 150 14.07619190234065
12 155 287.2899121335555
12 159 19.263732625587785
13 15 40.706804468102604
13 37 26.266696354528534
13 39 148.32616568485363
13 49 3.2991388336629965
13 59 6.291531615709224
13 64 168.54166888153242
13 79 303.3261617834463
13 80 282.7212787562735
13 86 73.26929374032133
13 88 179.35205777925398
13 98 220.00705484629125
13 99 174.7055030296484
13 100 53.04940933204319
13 106 14.458630066033889
13 131 59.19888048094325
13 144 267.1519193159836
13 152 19.88502876370575
14 20 29.151572981273294
14 39 18.41908500535455
14 44 304.2942557910146
14 47 46.429681040888994
14 73 56.25513835167246
14 78 1.8401486482307223
14 92 80.21332204881202
14 106 19.169368870758678
14 117 42.891981319096594
14 119 68.37213167914354
14 132 49.99184436293253
14 136 66.38813089343303
14 144 2.0818249268398588
14 147 25.20393082867996
15 28 8.531014508993243
15 49 37.18999646728908
15 51 78.78114098662098
15 52 27.934819748842
15 61 133.6762462320679
15 62 195.78666836355333
15 66 91.42922325471262
15 100 9.862486869684728
15 105 13.07972900053549
15 112 17.46172008832558
15 120 12.51167965194551
15 122 26.767767569960245
15 144 202.05623861172543
15 147 20.663487702786647
15 150 157.98394762296948
16 24 136.08897970777608
16 31 8.92037510042176
16 41 206.4270336417158
16 44 10.717432146441665
16 48 27.94751637676628
16 50 105.96059753667139
16 119 29.530500453908004
16 123 79.55978025148168
16 125 110.204760884354
16 131 98.02674240816295
16 136 359.0620603431752
17 34 96.7954139998931
17 45 69.04807582548095
17 52 8.134170941969007
17 69 28.979541799079943
17 72 174.84277110596918
17 95 48.63874865117067
17 111 20.77896306477493
17 116 19.10502956390183
17 149 98.16670360200823
17 158 83.82922620527138
18 19 29.473402192262167
18 89 99.76109490897285
18 94 26.138458048511605
18 99 257.19483125905117
18 107 14.769891148460559
18 117 31.825474262034643
18 120 117.46230509697443
18 138 55.860791781811265
18 140 34.112147432474686
19 20 17.22879372963633
19 40 43.869985686770605
19 43 200.69331052914583
19 52 19.558851904889067
19 54 58.70151800248796
19 55 137.92823426896456
19 57 113.09550258046771
19 91 10.066607040209243
19 98 34.17865947426123
19 114 71.45149400959484
19 117 7.020682722939883
19 122 6.363105627117023
19 135 9.021458748268836
19 136 5.640242283400774
19 143 30.572270459713394
19 158 3.502499708683511
19 161 14.892221027304469
20 30 23.137961549603272
20 45 141.76124409694518
20 49 3.927930764077179
20 51 76.30689764603237
20 54 12.443518591958401
20 63 16.707319683162435
20 71 164.43252623267986
20 78 322.29220600298675
20 80 170.15058639791587
20 94 132.33363478398962
20 95 121.89939265279898
20 115 94.27798318600816
20 116 15.358744927594543
20 121 63.99901467446103
20 131 72.87993863482517
20 134 241.99953808533758
20 138 88.48147624942258
20 145 34.45346953116561
21 56 82.909559140202
21 59 96.28480346350536
21 81 140.69534642132913
21 87 23.437255885810735
21 115 17.144310731573988
21 119 35.33490985551158
21 132 4.457778275559385
21 133 12.347786946347806
21 139 51.74029945767034
21 154 0.9530098028416147
21 155 153.34623141357872
21 160 67.81867484383419
22 25 74.75016419489354
22 26 46.681694454284454
22 30 5.5916273539453405
22 31 2.6352048773088246
22 42 90.03153674664087
22 44 23.430726651908728
22 50 34.09191116940793
22 54 10.486992786655883
22 62 63.74873286287114
22 89 50.09861454384367
22 93 275.36900255981067
22 97 135.11673593601319
22 98 18.29448558567065
22 146 9.703005562753416
22 154 0.7005868576279494
23 26 4.407748988632868
23 29 53.62841641585111
23 30 121.44499390159412
23 31 24.35271786925896
23 44 33.41438392255005
23 46 43.59819585926039
23 69 13.847566613690654
23 95 216.5989884424802
23 98 21.529874607256787
23 99 166.06663253585515
23 125 37.3102226130655
23 127 38.86887523935044
23 137 529.0711287522541
23 141 47.73673505289357
23 148 233.01895985639598
23 151 329.392978214507
24 36 4.18551280731521
24 39 106.23892810935355
24 41 187.23740893406145
24 47 1.7615327334571071
24 81 7.549664218809483
24 85 248.75840468119128
24 94 9.888646410678389
24 98 114.8322234266954
24 126 11.66653739294653
24 134 118.78707129033322
24 137 3.158136587063795
24 141 8.462493907899658
24 161 26.56970152894285
25 43 103.8857665291118
25 57 150.94456511674838
25 97 71.99680219917572
25 99 40.15528745796921
25 112 6.412711116692722
25 116 4.187169700890937
25 129 37.009949051907924
25 131 139.8863746757215
25 156 94.88630749345438
26 39 110.66927080570497
26 44 146.3009140476237
26 67 178.3761382186179
26 79 300.6352145753129
26 98 17.223670041315316
26 100 279.53217618001474
26 107 132.9201278510061
26 120 34.81979977140952
26 144 287.1755335801814
26 157 9.678407747993523
26 159 144.49877473902322
27 28 151.3578385918375
27 47 25.46957155201323
27 63 233.08848107234493
27 70 68.04706431892515
27 72 4.398850720029636
27 87 340.9386720026668
27 94 14.013752304547594
27 139 27.520105292315396
27 159 359.02782286932774
27 160 4.754666690096779
28 37 103.30554603322652
28 64 7.6062706227911745
28 71 10.154622564632001
28 83 45.915833412617935
28 89 10.115604646204114
28 97 147.59824555596597
28 108 50.31526609730071
28 124 46.279934781893786
28 134 9.979363689416793
28 143 40.99846367943101
28 146 41.093040058237236
29 39 13.797370604422422
29 48 64.75600867998922
29 56 80.332090397541
29 60 114.99334822658224
29 70 69.0464556169079
29 74 338.07517153147705
29 90 49.24700755552237
29 95 3.221999255054386
29 100 82.71174296848132
29 105 5.171359236816616
29 112 15.095715787479076
29 122 109.42174725183733
29 147 27.575645105453926
29 161 40.586544660997816
30 32 133.03248283356487
30 48 287.39068152527904
30 54 15.67098681072115
30 55 5.1535688313334616
30 63 106.24595092285017
30 72 4.0630060462269455
30 74 191.9634391117472
30 84 11.18051083320096
30 88 8.75296184528507
30 95 155.8760449937125
30 100 60.11765242485044
30 101 78.2894457811401
30 109 19.390579004278713
30 113 78.13061110962978
30 116 0.6428099680302897
30 129 23.131855887861704
30 136 186.72563253286825
31 35 73.98385538661182
31 41 17.284997342093163
31 67 121.06310854871988
31 73 23.688266388328735
31 89 216.3603299751409
31 93 56.15649184636907
31 97 24.836012113883594
31 99 18.619453811711235
31 103 52.59071340757019
31 112 19.32433553553348
31 127 12.410853143483841
31 140 4.178670644361017
31 147 12.590111194320102
32 33 75.05968285556249
32 44 48.67138322729922
32 80 241.33164687497202
32 108 48.06299793451122
32 128 35.74962495503236
32 152 114.18197838595428
32 157 163.0697237880752
32 158 111.06042451724804
33 43 117.89692271005623
33 47 31.73567749095613
33 58 40.17566742454973
33 60 3.0137697618097885
33 62 54.92345064950496
33 89 26.94025258261918
33 98 76.4237345284298
33 109 7.783943117346023
34 35 106.10473359992436
34 44 30.91429251975091
34 45 2.9458023417095744
34 51 96.06941926226865
34 56 16.735611365219167
34 62 256.65883772485955
34 80 209.88577350886052
34 94 83.41778637484079
34 98 37.94194624745175
34 105 105.5906924409509
34 120 32.51131655971942
34 143 59.73377984392115
34 146 114.84185148951721
34 155 51.428248168267515
34 157 143.58167588298755
34 161 57.78949918094943
35 39 27.117960379606114
35 62 110.13207898621644
35 72 32.473880226014394
35 78 42.348815346803974
35 85 29.581851446804638
35 102 73.87492091772752
35 106 212.59204980605725
35 117 74.23886269267008
35 128 43.74199986945553
36 37 137.53774677385954
36 57 25.85730208407575
36 70 10.502848550204098
36 83 22.172900291342522
36 93 30.273530090463897
36 106 73.33036923612468
36 112 71.22193019098535
37 45 101.54259943930052
37 60 14.472893000479555
37 64 154.07349018036186
37 80 34.94293391115716
37 82 87.54313194414767
37 91 0.1944570340400561
37 94 71.46687808695769
37 110 270.987184985046
37 117 139.27391491884617
37 141 178.71681719067135
37 149 74.85845575859096
38 43 18.761890045256628
38 44 62.02194869555502
38 57 87.30607258009474
38 91 30.971916401228267
38 104 68.64262765997972
38 106 76.32342183735456
38 126 4.4154921891279155
38 129 66.8529779860642
38 139 62.222599804662416
38 161 43.036205405958874
39 51 25.31805029950389
39 52 5.941173275966321
39 55 236.61841353052256
39 61 23.644646867897137
39 63 6.521872094671157
39 81 38.97133390805973
39 84 138.45388053350248
39 86 43.65897762370602
39 91 96.11556335835097
39 92 3.2697210282263343
39 93 84.32634505992772
39 98 17.351640563351243
39 109 7.344921332758955
39 153 31.797985169010808
39 158 20.615868058912522
40 45 23.301854669779388
40 48 27.898530072934726
40 60 0.2978542669014362
40 93 73.76880310318273
40 106 61.8507957601982
40 108 27.378763896372742
40 117 66.85075318644003
40 128 42.936513906188274
40 131 12.204509764806488
40 133 99.28696055944775
40 141 39.522232328026405
40 144 172.6973701947076
40 145 160.5715927244177
40 148 125.34191901438142
40 153 297.42547297777446
41 52 24.51246092400502
41 60 249.81172599322366
41 68 57.120845887072996
41 84 2.2404973407734956
41 94 3.8469841125990856
41 103 231.1912673186917
41 129 297.6470580660195
42 57 143.52572224042663
42 63 7.25210086074345
42 80 13.452097825722452
42 86 53.60727302443273
42 87 615.8644121545585
42 100 91.2985226792574
42 115 489.59789200347905
42 124 261.90303215703733
42 129 115.8561641948976
42 131 4.505850661482984
42 133 186.88887792446315
42 145 22.714335570112176
42 154 4.466945821623271
42 160 40.34357867244589
43 52 89.67786268016623
43 64 56.17361099209588
43 67 60.28888629465355
43 68 46.62709145093337
43 70 11.566566607885791
43 80 83.12126291031154
43 82 28.250138218551875
43 83 15.361892658716933
43 95 42.5581618299203
43 98 18.086587634985197
43 100 78.95564962131516
43 109 158.41794611735423
43 129 21.997315199016953
43 131 132.12312376077927
43 133 155.22247441576536
43 147 274.72246611195084
44 49 158.83941424907835
44 56 46.17401716345103
44 64 26.48588357194658
44 67 40.92592185761828
44 73 175.39761171878823
44 77 86.06673809694388
44 81 69.39923768794044
44 82 23.33434178573557
44 89 8.246976153974025
44 104 174.0148959544595
44 106 151.47182941704037
44 112 5.699233496005959
44 122 162.71101625779158
44 124 27.74021602201304
44 125 8.443963053191398
44 132 81.78762490694498
44 138 10.777342159224904
44 140 101.36362134163944
44 145 49.69914831165868
44 153 4.4430484879137175
44 159 184.9427538303543
45 51 52.35134840937857
45 54 196.88565653536637
45 57 24.706582519012702
45 63 267.27765359663164
45 67 281.5684362073055
45 68 49.31645483778464
45 69 50.7201804857217
45 73 149.03724379655327
45 89 12.982514740464735
45 93 46.46374949500042
45 98 59.48536705307702
45 100 19.740917288827283
45 104 16.681788918066463
45 106 183.6876055071283
45 112 32.86746573132975
45 119 51.76102192611308
45 120 166.16676975188713
45 125 51.09139567706809
45 139 132.84812021439515
45 141 129.60884482518915
45 142 35.11677609823374
45 148 11.144884053795453
46 77 65.26072331980735
46 91 139.38438605878113
46 111 247.47398378274156
46 122 168.70006153274232
46 123 0.2692852881198866
46 142 28.24216353718272
46 144 138.0394409899739
46 154 8.532709759935384
46 161 34.94778368165051
47 63 45.11274876821375
47 78 116.52108497670126
47 80 39.31325379880556
47 92 16.614321987733977
47 104 13.311035353631205
47 123 41.979451435946046
47 125 34.51580576990979
47 131 15.246389490320611
47 134 299.69235749951304
47 137 88.31074967212002
47 143 2.396809149616934
47 145 183.47017812608073
48 53 4.93753908469375
48 60 63.58544698020195
48 86 35.49574503611801
48 89 132.42341341819076
48 94 7.3611293717147595
48 105 16.46963521723561
48 111 13.124084761671133
48 124 24.646906880514912
48 131 210.3787247898942
48 132 460.3591241759926
48 142 122.66375092760308
48 144 61.154631618982094
48 153 12.363474280003041
48 157 146.2885912817466
48 159 132.52584906770187
49 67 17.394908100253
49 68 163.8113317844841
49 71 42.531002320888135
49 82 2.3159043819401286
49 91 79.41956825092427
49 105 163.26261711517944
49 131 70.10247825050793
49 141 26.173583341328833
49 142 98.92859636308556
49 151 82.55382523287268
50 66 72.04668535033605
50 111 194.42912942681235
50 130 113.87802170856278
50 147 23.91173861982227
50 157 28.284251848136364
51 57 11.356832466397222
51 62 106.81322831393983
51 81 47.93746865354596
51 83 19.521610854441416
51 93 21.144383412896087
51 98 32.9225066895847
51 114 12.26729585782656
51 122 33.4862156884509
51 128 43.05586968669375
51 131 4.615774825897632
51 145 2.649165408641795
51 149 169.10295087469714
51 160 15.0511782934226
52 60 12.835133822627336
52 74 66.51924584766432
52 75 151.13731764734865
52 89 58.815215810809676
52 95 53.74362660977669
52 106 36.92593773813279
52 115 0.5726902149321843
52 123 11.666113835678892
52 143 26.233367162424848
53 73 54.048943688274036
53 82 7.809099159513831
53 116 28.796916949180446
53 117 8.624824146873152
53 134 309.9261158143353
53 151 91.45048545296584
54 66 53.69460437655727
54 77 64.86590289405075
54 90 306.6600244811157
54 91 0.6577164343326352
54 103 35.3621958473629
54 104 172.0970866634151
54 105 19.867743272273408
54 117 106.15471646983046
54 118 51.084607829141525
54 127 43.362815543290836
54 130 64.17046737220734
54 150 43.491839913743604
54 158 91.86399346085429
55 62 46.81963177478107
55 72 54.58445973273958
55 81 40.440120003993485
55 82 47.131836584259105
55 101 51.325519895881655
55 108 414.0782673992832
55 111 3.213282676663517
55 121 316.215353715644
55 122 231.1549198947549
55 124 26.723550550501635
55 132 90.92975516657987
55 137 137.79897102925665
55 150 64.73276856868046
55 151 7.900400637060593
55 152 69.540119787033
55 155 24.930236823873607
55 156 86.01820189504001
56 74 40.319753739598866
56 85 165.2511375739252
56 100 26.399395736802003
56 109 121.78234044162498
56 149 48.22880556629044
57 58 58.89107488590943
57 66 27.096306040896287
57 73 214.86755486722996
57 91 92.9175844447373
57 103 76.04983932283527
57 126 135.48801938141344
57 130 109.5212075869893
57 135 109.50496400032297
57 141 7.268563909422319
57 152 12.118340358002982
58 59 5.752345284406816
58 94 9.410487329307934
58 98 43.20344222443762
58 108 332.1465483054234
58 115 30.83672985399458
58 118 3.9165366886971267
58 141 54.429836386951145
58 153 121.77090575141203
58 156 47.571619186824556
59 64 45.16399113993824
59 78 14.4070196982211
59 86 179.84644635733363
59 99 16.43227007445504
59 105 12.521496079874918
59 127 50.54643777597672
59 131 0.575783787362068
59 139 41.9571975751968
59 144 243.96814065093253
59 145 22.08174080742253
59 149 85.87997680924937
59 161 194.80435954609422
60 63 59.995747482227344
60 70 38.23591487270307
60 78 31.434796291561057
60 85 55.81903744613264
60 116 198.46922056147096
60 121 125.98185566412906
60 122 40.43238819482928
60 143 23.417619751618535
60 149 134.9032241924832
60 150 83.13117194853554
61 63 181.5336219037454
61 65 155.7477482564176
61 68 83.87040687981451
61 82 87.15128380038526
61 86 62.52623759682612
61 94 27.118135497800605
61 120 274.29153950586016
61 129 5.276485773784177
61 131 29.87008937696718
61 138 19.840951350414258
61 143 16.859385197255737
61 145 11.093075241637411
61 146 30.09485919391661
61 155 25.02537651729744
62 63 53.02071122691165
62 68 322.3329057958406
62 87 17.05611474368795
62 89 90.55282561602073
62 96 27.803644366927287
62 99 125.44710685241378
62 119 23.382854359493855
62 122 77.03831959738645
62 147 73.36988506229933
63 65 14.691800852943354
63 89 90.63980310766773
63 90 369.54291820792776
63 95 4.17278967744925
63 111 0.6992031112825384
63 126 64.04714610398857
63 128 43.697298696623186
63 142 66.88502145357528
63 143 9.243591332849835
64 77 9.246416787631507
64 83 23.06266985205611
64 93 45.64666764726869
64 101 320.91308858071545
64 117 19.915344273138412
64 122 174.01205474850272
64 153 38.721467135772095
65 84 13.861866797452466
65 87 116.79939701523779
65 88 96.96818922644748
65 94 91.53137391167638
65 119 6.513025314072052
65 146 21.60483372878391
65 158 27.09926743284914
66 77 11.7461873656845
66 84 77.06801065520992
66 91 18.955297647787333
66 92 94.34843673192744
66 100 244.502694756034
66 105 23.271155577929427
66 142 18.953415578794985
66 149 27.213944540919453
66 153 15.578985322386174
67 88 33.65256938227044
67 91 32.32344290306351
67 102 4.967248357114812
67 108 9.308686385928633
67 111 77.5970467792881
67 117 4.2501223623216475
67 132 34.86176897038667
67 133 53.728280309525545
67 136 52.135753611029884
68 83 9.173257622610782
68 87 303.7833628047565
68 90 43.50242342717307
68 102 34.790831734804854
68 111 717.5769434450261
68 124 41.71979192210553
68 146 28.178114700037092
68 149 183.25007028164504
68 157 73.97758351262992
69 78 11.08290975328255
69 90 132.6999775720524
69 92 22.123005425131925
69 95 189.70836457726514
69 100 108.86353149006194
69 112 8.391912566826004
69 113 52.10576277441408
69 116 357.95340005564424
69 123 34.46745534791304
69 144 144.71813227461834
69 155 46.731201119237056
70 81 83.95091818476466
70 95 39.9311474941923
70 98 75.45691460600622
70 126 22.249318636819112
71 74 2.2169849786306215
71 92 45.87718369185901
71 125 52.14306204506151
71 132 65.26592256903126
71 145 345.14914515724814
71 151 128.753727361725
71 152 56.34688105281751
72 104 18.87865670707169
72 120 300.45862207667204
72 155 38.51945118121105
73 75 82.93889233084104
73 95 55.2565655298208
73 123 56.94700166141924
73 127 142.74034082959625
73 128 70.92879974446956
73 129 139.54648384838407
73 136 116.35226238071107
73 137 450.0968175838137
73 141 352.1580586870409
74 77 30.881053428377538
74 87 6.239120419715705
74 105 183.89759555977244
74 106 157.05403778216467
74 112 57.794115358960156
74 118 19.27746720901739
74 137 4.916371431875445
74 142 34.947229679571564
74 156 57.83454958462611
75 79 59.924534552579324
75 90 77.72351943372645
75 103 114.411439652756
75 135 183.07152638010132
75 160 174.7105364682708
76 92 60.57107063602285
76 123 106.46457059168462
76 152 61.43294723333144
77 79 43.04906681051237
77 89 64.93958179909026
77 90 51.778350310118604
77 95 37.4389384570147
77 98 5.5840978505271925
77 124 0.7062679902188813
77 130 37.2359374812198
77 135 84.53313597768526
77 139 1.6243510095923808
77 140 140.26302904368313
77 159 25.716092979047094
78 79 53.403757391076645
78 91 56.08283669848615
78 92 161.56789811623796
78 97 47.66302684765615
78 104 152.11217660518324
78 112 17.2764413557193
78 114 223.36565039896237
78 116 54.66551260187319
78 117 19.13902958621043
78 123 79.44965865698856
78 128 28.809418609086848
79 90 225.1868409937794
79 99 153.40260908357126
79 132 134.74620329600566
79 150 55.175051806854356
79 154 50.12185323957556
80 89 277.27823671611833
80 90 20.02911922199161
80 91 27.615951054130765
80 99 67.06799366305049
80 118 55.418432711802055
80 138 1.2947668128138727
81 91 27.87565380418721
81 103 45.17264134623338
81 123 237.96132561323967
81 133 72.60773259332566
81 140 18.36637758473074
82 91 26.52135974230269
82 105 66.86799581118656
82 117 0.26572386923669744
82 120 24.893656717647666
82 134 53.208035748900215
82 137 0.4356892334399237
83 88 169.98125430531485
83 105 15.83499659771811
83 113 52.406124892979044
83 122 170.49512584814013
83 127 73.92479850131849
83 139 31.02105095995403
83 147 79.54457596723194
83 153 31.66096929202954
83 156 104.17200173132716
84 95 53.02461385875626
84 103 4.7190632103481205
84 126 14.82775478218717
84 128 55.378409267271365
84 147 361.34884519383536
85 87 79.5006509809408
85 91 115.92214103636164
85 100 79.50588959121185
85 112 154.26588541049006
85 131 102.5045962081978
85 145 54.442398669293254
85 157 40.9636223459369
86 89 87.10298250642302
86 96 45.37786412857343
86 103 98.82100168861756
86 117 342.41281384979436
86 119 63.84405633115042
86 121 0.10287588656585907
86 124 35.74318290963214
86 126 15.977363038547482
86 128 15.867287789272273
86 149 95.47595393373503
87 92 128.10301113973898
87 94 28.663008429984234
87 95 308.0755673665662
87 106 171.8352741676086
87 111 29.82724113658377
87 132 153.999586051971
87 133 128.21157200085148
87 134 37.28647798842357
87 136 33.10906378717437
87 153 231.54048823302722
87 161 231.0293473770923
88 149 35.08328545919739
88 153 83.34017977176146
88 154 89.71519057196832
88 160 44.84354822267406
89 93 107.79368539905792
89 100 42.05511414828897
89 109 74.06116295095154
89 114 156.20676564222285
89 120 3.9098533458204767
89 131 195.5921445059105
89 133 96.38211191337919
89 151 189.60449969689228
89 152 64.60975266821697
89 157 20.734028338384658
90 97 172.97268926816113
90 139 37.46105056318127
90 158 72.7713598789371
91 95 138.3770888593357
91 101 122.32818478600117
91 106 46.11007365135945
91 109 367.79137435860036
91 115 15.503356100156982
91 117 11.268640800155849
91 127 68.90955846238495
91 147 13.594960332208418
91 149 23.37156072515235
92 110 26.986335418932633
92 111 5.9399362260397695
92 120 63.175438901060105
92 122 38.05623164792554
92 132 33.63585413467157
92 149 39.54873854513897
93 95 250.6567416300449
93 107 34.48979506339984
93 111 114.23387613079274
93 114 177.945963631897
93 117 27.557542706434006
93 120 110.17962645919053
93 129 14.948094014606907
93 148 18.27013055025037
93 149 23.853432167803412
93 156 28.67498345062842
94 109 12.500094447364487
94 114 1.6430271160333352
94 115 19.997459122975194
94 122 64.37377099873837
94 135 198.4906996750478
94 138 76.26032184917402
94 149 41.337162391829175
94 151 22.25089532460152
95 101 72.81302329137043
95 102 36.190190995219176
95 120 44.6357592962091
95 125 70.65424284277103
95 129 26.95579492857831
95 137 147.83408264770952
95 144 56.94873571331845
96 133 123.19017893370567
97 99 59.687648390619856
97 149 63.94932402215521
98 99 50.56900530060335
98 100 63.24940876967246
98 112 26.622963709842818
98 120 22.079810363339377
98 140 142.2267114433389
98 154 15.278855396618223
98 161 152.76333556739814
99 108 59.369142799923885
99 131 35.056198362541245
99 145 40.17086437731107
99 153 7.006065350883427
100 103 35.3227668219129
100 104 18.16689098316888
100 108 62.113602106651804
100 110 4.5378837784822075
100 117 55.464110144536924
100 123 6.739801385292692
100 130 1.315696314619607
100 132 126.18786147610578
100 141 74.00862457118009
100 144 33.87693551516056
100 149 29.240002734538567
100 150 5.1345824037562675
100 151 50.50740683271405
100 154 75.7020171805784
100 159 132.4367860487984
101 137 33.86984432000949
101 145 53.236031770541224
101 156 274.4977705527985
102 120 82.33835156984682
102 133 250.19730085478605
102 136 15.281987393370404
102 143 3.2279718854797146
102 144 8.61994894778833
103 116 220.4701442517068
103 131 93.1397305908716
103 142 25.50180659943225
103 143 47.84708307651259
103 156 45.35461318708179
104 117 108.7304326495593
104 120 167.21852149119238
104 127 154.4441215554453
104 131 14.224224952031555
104 136 56.7595581268413
104 157 48.10380221591927
105 108 99.80192231874686
105 114 4.970991550111058
105 124 30.05227344674044
105 130 102.09105688190701
105 131 6.21050109810328
105 144 417.3604887575961
106 118 8.481344341883815
106 122 7.767216242781572
106 131 8.858608200903339
106 137 34.51974483025082
106 148 31.285299355729517
107 135 405.67831991883645
107 136 64.43271844142548
107 137 87.49061945748646
107 142 231.58233358070837
108 110 61.68819904747859
108 128 41.57440101816565
108 141 28.46061696541605
108 145 13.532567931004078
108 147 20.596311608674853
108 157 32.46758452364912
109 125 112.69265902638759
109 136 85.70591218138502
109 142 10.882703859766794
110 113 8.171910673313928
110 117 25.67144538746773
110 134 42.219592913531436
110 136 145.3291127836599
110 149 161.5187474436334
110 150 8.477753369593955
110 151 136.20070359697368
111 150 214.99207510062837
111 155 225.51802577380096
111 160 11.167616069577136
112 133 35.121481236057065
112 141 28.631997600093506
112 149 129.10533566724746
113 126 71.65906072947301
113 129 209.48456438193443
113 143 30.49083299869552
113 148 20.357755682286985
113 149 56.09215108371479
114 127 78.79066343250531
114 138 27.779404998932435
114 141 18.12620990553564
114 147 308.60504576639954
114 149 180.87268525321326
114 154 298.3212074478131
114 155 265.5141474636007
114 159 28.960205846777082
115 117 22.43026227948355
115 137 110.23585219718628
115 148 98.56396299993128
116 127 180.86945331222782
116 128 131.68405277571017
116 147 7.91449533447903
116 151 306.19556914798846
116 152 85.70174111849933
116 158 37.787851346987026
117 124 88.2459864663094
117 136 56.051207322759595
117 146 79.19128720883384
117 149 28.70999532940494
117 153 50.52654743031554
118 120 77.1843006644215
118 123 16.36649604900246
118 146 184.63736641105848
118 151 38.57471148176102
119 120 28.409832569109838
119 122 32.53027513528968
119 128 2.4380179772097574
119 154 27.55573266138644
120 121 113.82582457006762
120 123 109.69285211016107
120 131 35.27930570450982
120 136 12.96533909916502
120 139 57.52305195844081
121 122 53.11530450815593
121 132 219.87208301193496
121 133 655.6413053847034
121 142 154.49866553031197
121 150 2.2988079504971886
122 125 109.35032445721713
122 134 30.182320918726834
122 136 32.39311658538833
122 147 155.49782341817328
122 148 60.014870098114045
122 149 11.91628714538992
122 150 63.53350391136773
122 153 150.6790923843096
122 160 2.2631226664725843
123 132 8.663565786782936
123 135 64.02165809661078
123 139 55.08744475585783
123 154 11.11466820544004
124 157 130.35064855249837
125 152 78.63149966833419
125 157 68.01116707145597
125 161 22.33073330866321
126 128 18.937199878286265
126 136 117.41396138748354
126 146 165.00716118531045
126 147 10.448597266977938
127 135 120.90498122974806
127 151 184.94049263142523
127 153 40.50944835849887
127 155 336.543805865655
128 135 237.8221877652037
128 150 58.25194710374187
129 130 62.88968384768099
129 141 72.54132805702233
129 146 110.4382445849532
129 149 111.97827044724858
129 151 39.98679231610406
129 160 71.40693415628505
130 136 64.43976383537262
130 145 211.70288309247672
131 143 181.16581124772046
131 149 109.33892579724109
131 151 83.04813234127516
131 160 47.36920567957126
132 137 89.8514376397135
132 144 110.60821783476847
132 147 129.55136945372112
132 149 0.38887546313220617
132 150 272.77660181208233
133 150 76.61606109212546
134 139 29.08554466135848
134 147 12.189814633868693
134 149 25.44111472742139
135 149 309.2832888997518
135 155 2.7656244989559458
136 146 4.522958169094162
136 152 40.41589702038941
136 157 3.5967169801285785
136 159 47.57869774205865
137 150 44.779533242729286
137 159 31.778754197328706
138 147 68.72638676041812
138 159 1.5020721506326986
139 144 5.159738741135903
140 154 76.06901746377832
141 148 2.3100434208247838
141 149 35.43793752970956
141 153 89.93714707758112
141 156 107.58608774046522
142 149 7.761402368073648
143 147 116.79984003657815
144 148 11.888847889502506
144 154 43.88401973811159
144 161 164.29107875904344
145 146 111.35155320619603
145 156 6.0877420636276485
146 151 67.09481984290349
147 148 47.11718772777531
147 151 390.93112816768695
148 149 227.24550285179896
148 160 16.344217842055826
149 150 17.298699289892014
149 153 257.2593008407692
149 160 205.2772801906818
151 153 23.67889117041008
151 161 49.74004630655514
152 154 30.16657543441643
153 154 45.13919617105361
156 157 14.29377640269737
