0 14 10.549201785471075
0 19 190.74027214503272
0 20 16.322509999466885
0 31 0.5632504602041138
0 32 20.492880110802737
0 37 112.19519605631818
0 40 22.46043628442792
0 51 170.63081385613344
0 68 81.69647808407669
0 81 133.1556143501159
0 90 39.14250216796841
0 91 74.0367512940689
0 97 19.943975920536957
0 112 144.31037012636386
0 144 86.80003354049916
0 156 108.33526496427972
0 161 5.291731636731586
1 6 358.4185269487052
1 7 38.09696657312737
1 37 65.59761753350593
1 43 46.20725953153557
1 73 65.7113581923899
1 83 44.49419285503474
1 95 39.447988345350566
1 98 62.299750757349265
1 116 63.15426150743773
1 126 25.365863782110218
1 151 95.56201663027397
1 152 41.05790211333397
1 161 52.031589234495094
2 18 6.003318521867963
2 23 30.210662506241757
2 35 123.66672802523141
2 52 121.44980258712255
2 61 7.208182181098172
2 63 3.822762161512728
2 97 12.782137244260836
2 104 24.370455857082625
2 105 77.22153034531165
2 111 42.51179255173916
2 122 41.848501195423076
2 123 158.2432218448496
2 145 131.34055424308815
2 157 178.09771076203182
3 13 4.1979099795301344
3 17 63.444185064714816
3 56 78.39671342621659
3 65 21.887230669228106
3 67 34.83817559759649
3 68 27.033781124743353
3 77 23.951143449270127
3 79 12.430960103777146
3 81 53.72207799446073
3 82 45.00708237174901
3 107 0.062294998719327845
3 121 35.61426724164298
3 125 87.68005036728718
3 135 2.166107264224225
3 154 47.28355032425641
4 22 208.33793628070052
4 39 41.59340171897249
4 43 67.12625198621022
4 44 90.74398205074488
4 65 37.01062068267413
4 74 19.794929896521868
4 100 75.64404036886827
4 111 211.4402216865386
4 117 12.450418587591146
4 119 58.291008394909326
4 152 9.37037349193168
5 39 9.452610708382347
5 45 90.80266880236758
5 80 70.22418883882477
5 83 96.60094776727601
5 84 26.117486169049442
5 103 97.15960140042763
5 111 212.43531397139245
5 119 48.16356327316157
5 120 51.002745536986154
5 125 181.008880881114
5 131 67.7982137986984
5 143 58.92464474018951
5 159 1.8288085618039778
6 18 32.682493716890434
6 20 491.04118326184334
6 34 76.52738456491373
6 52 5.3444589594788585
6 62 40.366640014384714
6 67 78.73073459211622
6 74 72.09120832892371
6 93 40.4678093615321
6 117 82.71935013733341
6 132 19.394154444727405
6 140 106.77452328618584
7 28 44.9387646155955
7 33 144.43994038296603
7 38 45.189411679306424
7 44 45.316652811170954
7 53 314.2572002180782
7 61 7.932714568427598
7 71 169.67542124951964
7 82 26.391802491194184
7 86 205.1345885020423
7 91 45.768796714679354
7 93 222.72882936079128
7 97 78.32042254304673
7 100 1.852047688825984
7 108 13.970960977474782
7 109 3.8701221785055626
7 110 377.4842801809187
7 113 43.81375788110114
7 114 22.330352607195962
7 117 67.34917978570637
7 139 347.5736483333808
7 153 1.1826795615550927
7 160 122.77285085930549
8 33 11.149247324045657
8 34 37.75323482566213
8 67 73.8526428319204
8 75 51.939303696876614
8 76 82.95317879563154
8 78 20.37779455776475
8 94 21.155647131360276
8 110 18.38511392905493
8 112 19.3059656244392
8 123 119.87040360800722
8 147 83.30955121733332
8 161 16.08756074944561
9 10 42.289616590043686
9 40 10.080324689785657
9 41 48.76871541316136
9 45 31.715121044335834
9 48 72.17342040052331
9 64 59.41895407168269
9 84 459.7524231244883
9 106 234.52546704712418
9 113 31.241936636929104
9 114 74.07289389362683
9 118 23.31791894613713
9 120 110.7272089483922
9 124 42.22681361681515
9 148 13.93413115118498
9 152 5.401724063087326
10 15 34.76549322517436
10 17 28.56801374724489
10 19 3.0396716394586947
10 20 75.93148430080373
10 21 85.0767950481424
10 55 18.633756957325634
10 64 359.6439892873055
10 78 39.66886032399265
10 92 8.262899692168856
10 94 10.309243827295425
10 107 39.610834475459086
10 108 24.63934404146586
10 110 67.9036870760761
10 114 101.39851551720211
10 117 64.95718137468835
10 118 46.281211784934584
10 124 2.6861005473178796
10 143 47.57365936222536
11 12 10.253447761570637
11 18 21.086244886697976
11 29 57.42766867934124
11 32 41.03540306399316
11 50 63.48830555079415
11 52 27.16073882690654
11 60 107.63367224333248
11 91 1211.3110363238945
11 99 3.054719556116918
11 104 402.7555014394637
11 117 70.58547313107296
11 119 62.37272566406401
11 124 46.37850256863165
11 127 56.157699969638756
11 136 12.2254604626358
11 139 205.51376083723866
12 26 49.83995300862839
12 29 127.32202888219577
12 45 15.678784454901553
12 50 54.12073717053224
12 59 63.37778743568547
12 74 96.02074431706289
12 79 33.3017565687883
12 82 102.04907480102354
12 89 113.31254851646821
12 100 35.393928725625734
12 110 57.104190566189786
12 116 105.29614236526614
12 141 134.9911223773147
12 142 156.81879647619985
12 148 60.69799964125187
12 149 402.7447943705627
12 150 41.47006267330368
12 156 53.43233707617205
12 157 345.1395053251825
13 15 98.43581913770466
13 22 4.542160602064238
13 32 39.66362871906041
13 34 123.55044461438459
13 40 104.81193893692642
13 44 129.33091161033698
13 48 27.692904402110855
13 50 27.79494551711615
13 55 111.81838653667498
13 57 133.45962621539823
13 65 27.74976835460967
13 74 238.51378803877728
13 91 325.6557987820849
13 105 18.879440606560912
13 118 186.56038711583753
13 126 7.9070536750817295
13 151 16.261788853854686
13 157 312.535348766456
13 160 11.759969441972421
14 18 129.5116739455968
14 30 83.91872558644647
14 33 72.98184744303319
14 37 19.415597379366474
14 51 30.801681337097936
14 65 17.92886571263254
14 74 78.2514492199538
14 81 122.02019194013808
14 86 105.00527456350557
14 87 241.2742908768621
14 88 92.01401230536308
14 90 134.75991593020632
14 105 77.53393388978378
14 129 1.1243968463395113
14 149 118.77104725383977
15 29 365.6988506605091
15 37 22.626407869070814
15 40 154.6615901077745
15 44 28.407644236089656
15 50 173.2483436103647
15 52 6.882270657936115
15 55 101.55564594214017
15 57 23.191029302772947
15 70 18.023804784925012
15 75 74.95432032835554
15 91 156.8158431363057
15 98 65.47671933881584
15 101 16.404863021532897
15 114 461.36694086773144
15 127 9.732234280314032
15 133 49.993335714816986
15 134 63.18874515516482
15 135 271.1529899539371
15 142 2.241175707980395
15 151 73.26592747192132
15 155 1.2360246398521504
16 22 15.46094011033118
16 27 36.02444002016064
16 35 62.7344326810078
16 48 42.55461171952959
16 76 9.790512365633308
16 100 90.65601520499138
16 112 54.962612513197556
16 113 118.88236020332307
16 114 38.10979349498184
16 117 8.207184934533384
16 124 73.96274189053908
16 129 25.015463831219034
17 44 210.37138284546134
17 120 114.77007038236778
17 122 19.2818100120559
17 138 16.852989642121678
17 144 13.292648895068767
17 154 53.08469143808168
18 30 94.16561746501182
18 42 69.0463945660426
18 45 16.564104156426616
18 51 39.05229318537098
18 52 24.82027255878687
18 54 137.82321503982072
18 59 21.804563580104144
18 66 34.21953093258182
18 79 102.47315992016881
18 83 70.23820424481079
18 84 19.94071652058421
18 89 2.408304671201768
18 92 0.9734150713098565
18 95 186.64083362707112
18 98 52.075026219836445
18 100 116.07105384226573
18 102 99.47657859123369
18 104 69.37814308096507
18 112 25.469233160899552
18 132 241.0919656362779
18 151 156.33163571936913
18 156 40.81779420694622
18 158 21.677324780535614
18 161 64.2140910104876
19 28 16.389906763889794
19 32 2.9459037564893724
19 33 278.25245631415373
19 46 57.22974494330288
19 64 6.775832941450591
19 74 29.825787481835942
19 76 8.375069106003165
19 82 22.400644257275236
19 92 40.14421472309961
19 104 171.54233701439034
19 106 0.8972964160033186
19 109 230.26118865050844
19 117 9.718361862207177
19 120 53.481000441348044
19 122 19.061682119052413
19 123 402.78938081680167
19 143 25.456885741806325
19 147 95.08914991786743
19 149 275.1101378130845
19 159 29.9507897640529
19 161 214.3602504510187
20 37 0.4019510623042336
20 43 17.76140354060725
20 49 235.24814286960233
20 75 22.89814169586595
20 82 69.06444573493881
20 83 86.5430556689892
20 89 31.72383354328531
20 91 11.13710459427728
20 93 100.4254591408286
20 114 13.735206486410416
20 117 41.00777956444972
20 138 37.26700161501122
20 141 0.3784113433782073
20 150 54.64328149444733
20 154 75.30791237934412
20 158 109.48900798096656
21 24 40.59687429424282
21 29 14.086459230735043
21 30 25.223864048646092
21 45 59.90258298371585
21 47 23.306805158810032
21 84 11.31597780576594
21 93 120.68378958702606
21 94 76.07100464896122
21 106 85.80661302991663
21 110 46.68819062168625
21 119 3.3779304679378273
21 122 75.67082818905939
22 23 45.76077923179616
22 35 101.93223698001452
22 48 13.636871128803987
22 66 37.01994213595619
22 75 179.37072906240445
22 88 13.885614783298966
22 109 401.0196700351157
22 125 4.824158628372791
22 126 25.442840938378573
22 146 30.013647525258264
22 149 73.15953271782844
23 25 17.923292452282237
23 28 40.62921772892781
23 45 96.5923955880143
23 47 13.365438826547434
23 60 1.7795589301811825
23 82 11.485713065640958
23 99 91.46082840345427
23 103 2.9224563687741063
23 115 554.6663959941592
23 161 321.8105560979557
24 35 114.64984889300348
24 51 181.38881781970267
24 57 1.0097431791162066
24 91 11.06644025856277
24 130 2.3131924786255196
24 146 48.60550091467516
24 147 392.6488506526635
24 150 283.94428376295247
24 161 163.40385049368984
25 41 33.03595802854823
25 46 81.86846104317699
25 63 27.567150719789307
25 68 48.648081978402814
25 79 260.93338335586935
25 80 86.37850750033247
25 83 54.654831081162605
25 112 72.51838020838007
25 127 329.2415997900234
25 130 88.30636360206056
25 135 79.32778695338034
25 141 0.1131682146598253
25 145 115.18105296581851
25 149 62.26473748452565
25 153 10.534783912283297
25 154 8.56854010628512
26 48 67.51854136723053
26 50 131.4824887539573
26 55 79.20711743668822
26 72 80.37309522186598
26 76 89.64178897519295
26 83 88.02707616417102
26 85 118.79695625163139
26 90 33.28104124488894
26 91 69.5180785925177
26 112 239.10061332457286
26 117 74.87508478341698
26 155 129.98308942623095
26 156 51.26928586002761
26 158 65.18022039799077
27 38 20.82652648708294
27 66 48.273812257484025
27 89 13.216500504503301
27 92 76.39175412064745
27 95 15.517099713410797
27 110 14.68596920525836
27 116 79.24009457845358
27 119 75.39141483404576
27 121 45.11526427530935
27 123 53.359468034322795
27 124 111.0581377424201
27 137 47.50883198567014
27 141 9.970052030948283
28 31 19.560087900955228
28 48 100.350611172893
28 56 31.00840073610363
28 88 6.614996415127786
28 114 69.98076222751376
28 118 57.67926788486876
28 136 17.32284368167232
28 149 34.25745729832435
28 153 108.2789999931144
29 37 26.718189076869418
29 46 133.15646893979977
29 54 31.365148332978993
29 57 50.28029467835189
29 62 445.410603596914
29 65 88.10214092637413
29 66 54.80779776779446
29 73 46.407178042551486
29 75 162.17835001190207
29 76 62.70143467408105
29 86 12.066566576381677
29 109 8.740278726944668
29 122 266.3782168854881
29 123 188.1616677498078
29 144 50.70478527353245
29 150 296.8099620244419
29 156 35.55260587237257
29 159 65.64398694503926
29 161 7.2399857229280835
30 31 106.26523145339658
30 43 78.58334730953231
30 55 39.52424184773377
30 66 57.28157027098763
30 69 196.1880301439417
30 71 112.90543742232107
30 74 73.3532237826581
30 79 31.271433941468057
30 90 116.88943130137928
30 92 0.01920341538765777
30 115 38.72236642016405
30 118 62.67319954212508
30 122 14.68607302534617
30 131 150.31007435887628
30 132 45.09070335413463
30 136 102.43208829994192
30 139 135.78652412450893
30 154 178.03700514412077
31 34 51.38907886484057
31 45 76.02394868991612
31 46 45.14311997128218
31 54 21.953077647780407
31 61 18.08363910964076
31 75 65.81169702340082
31 84 203.1868160534017
31 87 7.09275542393285
31 100 62.21600465338853
31 103 175.0866574621011
31 106 14.794958134478447
31 112 88.23931881619922
31 131 142.2707842359509
31 138 1.687679241082216
32 44 44.458545921072236
32 53 13.659035637245314
32 55 141.62374199052198
32 77 26.05081421257855
32 93 91.88058635156939
32 99 185.41187536364652
32 119 55.186394102737054
32 121 19.360240387023268
32 123 3.125917518073914
32 132 148.21223586501426
32 160 51.33527261413849
33 47 49.07015076796379
33 55 115.03129352604539
33 58 84.40417631682743
33 60 30.36020908647336
33 63 37.877988676058585
33 65 86.99372277170741
33 68 109.64658408832062
33 78 24.992522542064407
33 80 186.5695723910499
33 92 59.95319499339636
33 113 1.6085043696971335
33 117 46.20910776574741
33 118 45.205025384941464
33 141 10.14429140069393
33 149 17.434019469481495
33 153 194.63040886289124
34 57 2.494120040672484
34 61 30.123555480684146
34 64 78.65201198944509
34 81 9.82820469408934
34 83 108.6453073016158
34 84 77.71736859424755
34 85 30.079747111518206
34 90 6.086526329311898
34 94 97.2013093531526
34 99 157.2322937851821
34 103 13.539001573065867
34 114 25.770059726618136
34 116 29.983051675550108
34 117 59.21707584134755
34 122 208.21337639300017
34 132 1.3074475303045499
34 147 35.92974207946746
35 43 5.884354424185941
35 44 109.35063311962826
35 53 48.49900300449305
35 75 136.99371097278325
35 78 39.940014386664416
35 97 116.32015080348366
35 107 196.64028269181915
35 111 255.22537605528106
35 144 49.13522646430848
35 146 9.24229144636685
35 149 151.53109716147236
36 55 18.188311811166475
36 77 108.4637666393411
36 79 10.18861209359509
36 111 61.91454641380074
37 45 59.71448928560736
37 47 61.846804721107574
37 48 101.52748752236563
37 93 271.67914996953937
37 116 65.94395208428715
37 131 111.33985585840814
37 136 229.16915011098166
37 154 73.66669353218765
37 159 172.5327568041227
38 52 4.786664689132175
38 59 34.391895899139115
39 50 65.18084159320465
39 54 3.933200812351657
39 56 5.579673981758218
39 70 227.3906520435881
39 78 238.62876767192913
39 79 3.2661804865589437
39 83 26.355882002133885
39 93 63.52576357858917
39 115 79.14120380322879
39 131 83.76935261352268
39 134 184.04982818393182
39 142 43.941247385877226
39 158 67.81131646696068
40 61 30.86161669472595
40 71 217.07269977309218
40 97 218.97090624433935
40 102 141.1787591349364
40 106 51.390096799335204
40 112 25.560504876346375
40 120 186.7239199875585
40 128 1.1589227215794202
40 154 19.673265242561406
41 43 323.2997651543218
41 51 13.815453940499529
41 57 145.24344697941748
41 64 28.004866540672126
41 69 26.784847300414025
41 70 109.71341543960837
41 82 26.912516296423203
41 85 16.321578365158526
41 95 22.093550636219902
41 139 40.22120377285167
42 55 69.33762936926536
42 74 109.4195356242271
42 81 70.99262821252078
42 94 100.31113873563594
42 114 47.85532900523172
42 119 0.6470071721708268
42 121 26.891852074080763
42 123 4.30885194797469
42 134 18.356117641322825
42 138 12.92786941104047
42 147 299.09214135333974
42 154 153.8710135150063
43 55 102.29156111818197
43 63 102.38886999668792
43 71 26.89006626038482
43 93 90.26360401414915
43 95 21.00174801651398
43 118 8.447733953061121
43 136 66.63232045292797
43 152 0.688602087410132
44 47 3.103611316377825
44 48 101.63018769497883
44 54 67.318472843914
44 64 53.54350682069953
44 69 108.42607914357177
44 82 213.84493963408224
44 99 48.21173673912706
44 111 87.62690468914131
44 121 62.41186795318193
44 128 6.885968166724331
44 129 9.275054233575077
44 131 41.77956212325993
44 142 99.2863544457115
44 144 53.14577392300066
44 147 248.43759072239325
44 159 9.0657215238617
45 48 11.209003747788804
45 54 49.282334851188736
45 55 80.39828178805129
45 56 83.4302188012029
45 60 16.43745512105213
45 85 74.38346348672091
45 90 267.5684053229659
45 92 122.9701451403288
45 93 60.90631067228402
45 103 73.37765951606114
45 106 141.56064513589905
45 117 125.19988379910309
45 118 202.89599402640556
45 125 76.68456556884485
45 130 32.70774642325423
45 131 155.6842444848008
45 136 70.57690774333277
45 152 37.072046746580355
45 154 54.3422806975985
46 51 243.06518603528554
46 64 62.03024712318721
46 69 18.679431696655907
46 92 94.53943639561886
46 99 102.2377318865459
46 101 12.629866853650551
46 138 68.09789796646798
47 55 243.132421142528
47 68 98.5136802658221
47 69 84.58022387120624
47 137 13.449220096155775
47 155 9.26193077380272
47 160 42.89317118158002
48 54 124.40884997412451
48 66 64.04495621080336
48 82 1.2641969797866774
48 83 10.624859854030632
48 103 157.1263612351788
48 108 127.36360704178445
48 111 0.4149737793220173
48 112 41.88670501111145
48 114 41.12802621949601
48 116 5.295010939724974
48 117 51.48706505848735
48 124 3.8395627526364664
48 148 127.72057554260124
48 149 34.803846669323136
48 154 166.7089961346592
48 155 41.46360091485364
48 159 0.5971409346014417
49 54 36.53824413395791
49 83 35.69309474188387
49 91 25.569661522141818
49 98 120.20491266726037
49 99 16.724827470265353
49 111 171.38321257024276
49 114 0.7809719244688593
49 120 46.53732397568277
49 124 1.6332562643351975
49 144 66.7895519588091
49 149 70.71457643209534
49 150 77.30657911636862
50 64 88.94602439125948
50 65 30.815646773481905
50 79 45.374599781212254
50 82 28.665184652444736
50 147 61.71167492133136
51 60 8.81935450592271
51 76 56.61633997406596
51 86 19.848622084208547
51 98 89.38727815273079
51 107 11.971914569017477
51 111 100.11655890588638
51 120 7.463658355394936
51 131 40.18368491708383
51 133 105.68086459647877
51 137 87.55272757494909
51 154 58.153864279116476
51 155 61.18149915688354
52 63 104.09434543917246
52 83 20.741766876045922
52 91 14.36601287974357
52 104 61.409079327182724
52 133 31.126743986120143
52 138 46.51735909594691
52 145 167.08864722189867
53 72 16.827224931336975
53 77 20.781224738361534
53 113 72.4959566541873
53 130 19.67211800332311
53 138 121.23276705642253
53 140 82.92969168326528
53 156 88.30929027701949
53 161 24.036174177726366
54 76 53.69754009616325
54 96 49.54104836213549
54 105 28.394697038319094
54 106 43.12966814405866
54 110 32.410726262895786
54 123 85.70868408338144
54 129 35.771217552704044
54 136 4.480880252949016
54 142 38.147962713348015
54 144 0.791733340841729
54 157 117.41512318668647
55 66 108.1800565815935
55 80 137.80659198868517
55 82 210.57107926643852
55 91 103.4987333084615
55 95 13.523211845581157
55 101 276.42165312107176
55 117 24.86857216504669
55 121 6.743859484422383
55 127 245.5956931668489
55 131 56.00756852019387
55 141 6.686505474191428
55 144 7.394295342846805
55 154 171.97630094356245
55 157 8.869379157691924
55 160 173.3069562570591
56 66 87.52405755746139
56 101 37.012862884352636
56 113 18.26851425474865
56 136 13.132714802397244
57 66 0.30264539921806527
57 73 205.57735795539534
57 89 5.336100081814417
57 108 188.46206394771448
57 117 157.86412854612846
57 126 22.829486243658515
57 131 10.36437545776511
57 132 22.277729343640075
57 133 41.61008134718895
57 147 78.03725817267362
58 87 51.720929712255916
58 100 89.57085231611919
58 111 38.736982697663755
58 124 163.2214090035509
58 125 58.256393859854754
58 141 16.985163837672467
58 150 47.285103315664735
58 151 78.2306517665193
58 160 45.32866050540746
59 119 93.65745301058375
59 134 18.977185336487906
59 141 101.25167849587595
59 147 50.68409238194508
60 73 2.2469100299583493
60 76 74.4670118951427
60 84 190.2885218570484
60 86 40.53622401198766
60 104 250.4197364509795
60 129 15.304445918157933
60 130 9.3254620104571
60 140 38.45597813602119
60 143 31.640913176629585
60 154 21.70184753959566
61 71 3.8954047329256274
61 91 3.775858013337314
61 93 70.9785539228213
61 104 22.123241582970753
61 120 205.02381284002203
61 127 18.344637317758636
61 146 16.706090517097824
61 149 50.08116039714521
61 151 4.810577192227371
62 72 137.22071747094168
62 87 123.1784913044348
62 92 15.654536093452135
62 103 14.276193352742249
62 121 68.47080356217973
62 126 36.88232081521835
62 137 6.2886791395768675
62 148 21.574645197399235
62 151 119.6023322263252
62 155 235.6711041022792
63 73 1.0866858662299534
63 80 43.27014861243764
63 90 171.182514858961
63 93 22.342051407518458
63 102 95.31596524399501
63 103 66.02958457840775
63 113 70.77993987377778
63 114 0.852938491116894
63 119 9.440078513510386
63 121 149.0001528947155
64 91 52.272952661565164
64 95 51.467409990309804
64 112 37.01525050865509
64 117 106.76063701067919
64 119 7.9110295621194675
64 124 22.512777008242907
64 133 111.62797774062099
64 150 85.2418005885343
64 152 72.22211540582472
65 68 16.229669602660866
65 72 36.62805867585158
65 73 57.82015131345631
65 80 133.44990803281078
65 85 61.94752653006001
65 93 4.6360475109562636
65 102 147.74451750581966
65 103 163.62062006740086
65 116 3.6872343811913155
65 135 13.805609561884374
65 138 104.99776324951465
65 144 14.239814645460601
65 149 29.346308624603274
65 161 71.89919719368055
66 72 65.49805706792118
66 111 39.90395480488281
66 121 205.67076512398933
66 124 79.60064063027573
66 130 183.28725134895765
66 131 49.63539726997146
66 147 7.727567145509053
66 154 37.43416746979891
66 156 21.085317916830167
66 158 44.70188771024536
67 72 332.9133780681705
67 100 141.68789814018805
67 129 64.08009742228526
67 131 2.921357223458592
67 142 1.1418787773802679
67 148 117.52886767341147
67 156 15.862560096956948
68 87 17.554286488576025
68 91 2.1755856142360126
68 110 132.1712043538478
68 113 243.7220673393612
68 116 11.481815550213756
68 120 182.73915145941905
68 121 175.61874558041737
68 125 58.96232028176163
68 131 143.4252956375586
68 152 18.34111411616921
68 158 407.7702752384129
68 161 44.66379066238812
69 72 201.96176545508632
69 79 97.85544901741483
69 90 22.801307071050253
69 132 253.28252449631776
69 135 204.461863695933
69 148 14.459675819689082
69 159 84.91319589556325
69 161 22.61297929977366
70 112 57.36145328197051
70 132 60.858393230484765
70 141 48.9553475241992
70 154 32.19816518500511
70 159 21.66206772983021
71 76 27.620585358414733
71 81 43.92936984098495
71 89 112.580905172614
71 92 2.3704864117238005
71 104 43.65464714630213
71 113 30.76861184001509
71 117 64.31139159476317
71 120 45.17945748456918
71 123 48.98182880703424
71 131 10.597377566930442
71 141 2.355534065975981
71 149 0.7968044456964485
72 85 30.424785078112173
72 117 181.0658215693482
72 157 93.76878196719218
73 97 109.0448386469802
73 105 191.0275392107416
73 125 9.186736679192874
73 144 40.8338256027387
73 146 104.9984305642633
73 154 57.65155275403781
74 92 30.697554651013643
74 104 130.48272403196071
74 111 76.19778093594003
74 120 70.9927961950738
74 126 25.984759305943765
74 133 152.78065989110956
74 135 14.47289098431521
74 141 31.301174896715622
74 153 32.377264596119225
75 79 25.781628194460936
75 123 275.64266669385967
75 124 128.22125959523424
75 135 104.28309452845524
75 141 200.4669842920159
75 144 214.07430551019846
75 157 76.62763652902
75 161 17.157568907728166
76 79 84.2636085310719
76 104 97.83843207279172
76 110 20.366976027548784
76 116 29.896093878207658
77 85 54.35611703934997
77 99 13.045745884562217
77 117 48.92153752493946
77 123 85.58232276618527
77 129 49.67820146155211
77 139 117.77644117435774
77 140 189.0446865570519
77 148 59.88841554119555
77 149 246.9316426248895
77 155 71.13260573405039
77 156 49.21296728120345
78 89 2.6558694169732773
78 94 37.517037895384334
78 106 7.004916926626644
78 111 166.1943007520187
78 113 120.19375766901076
78 119 32.977755896057076
78 121 16.712416062897546
78 135 95.07286314839723
78 146 76.2453147160908
79 91 295.78355674352883
79 95 126.49257642000386
79 99 58.62791645338737
79 110 174.8216693377473
79 121 146.9645319255406
79 131 122.78199811246364
79 132 50.16383759670045
79 143 24.695215167197027
79 145 33.789677535902975
80 83 35.38453038485101
80 113 44.56919706955252
80 131 25.304906417371622
80 139 91.90652175498646
80 141 28.539468514151746
80 153 104.06160608472932
81 85 131.3979246320366
81 92 79.90884508580633
81 111 139.70488067616319
81 112 89.17969281381507
81 114 15.84360525520459
81 130 13.383718168109649
81 157 81.13289846198393
82 94 4.38838205014084
82 104 150.45764708610636
82 111 10.02432699622074
82 136 24.502203160999038
83 86 18.991155572264926
83 101 6.639786396121695
83 118 0.9286026501609996
83 121 15.20745959411624
83 124 28.636945150598606
83 131 143.53468404394195
83 132 22.79517101617148
83 144 7.914647705185189
83 147 156.21873676371553
83 151 3.523786124634125
84 88 34.75799060885014
84 101 192.7116876170601
84 104 22.477558843368197
84 111 192.05337493679667
84 116 80.91482881471077
84 124 18.642373385627792
84 125 37.00233808285053
84 128 148.3499239464695
84 131 3.257764732430582
84 134 177.37607327675101
84 142 9.084736386298312
84 147 44.177895224823175
85 90 0.42744964204945457
85 91 31.360283919825008
85 104 46.43095252253917
85 107 9.031611063940433
85 129 120.42104007158578
85 144 15.158734140934149
86 89 170.88463114479072
86 117 22.438031558344463
86 119 67.86274253984104
86 151 16.33298784485922
86 160 7.210742804119595
87 98 8.860427194241643
87 104 299.1323469541732
87 116 10.998441294023923
87 119 82.73888028737255
87 126 66.80193781510513
87 129 96.19701191474213
87 132 71.48688550127066
87 133 47.519607733127756
87 136 45.38833354434796
87 137 4.966598841901564
88 97 161.35803640995138
88 108 14.654100974325544
88 122 48.89819544067886
88 129 32.295905319285914
88 131 47.67312504033143
88 141 29.93142277554238
88 149 6.283088693573098
89 90 39.498778614864996
89 92 52.66540684155766
89 94 63.75421665453133
89 105 9.384172740480329
89 108 3.595080840621388
89 122 70.52457745907617
89 136 83.93877191540878
89 140 9.797216946467667
89 146 192.46477867908476
89 148 40.783308204435
89 151 48.889715521238514
89 155 136.57413899617353
89 156 27.985838841088626
90 120 283.7420154746759
90 127 99.50212220132951
90 136 169.92795178840498
90 139 15.52406747557244
90 148 7.316774584785818
90 151 150.5752384661296
91 92 33.08376611432345
91 100 105.49056338515737
91 103 160.93495357777596
91 104 24.76793442000365
91 105 47.47102534568909
91 110 30.393934757078867
91 111 36.519067325363736
91 113 5.892094924691478
91 114 60.280609260702214
91 115 50.51175737389469
91 118 29.22240360688773
91 121 771.2902691013516
91 127 6.187919208135377
91 144 95.81367490785541
91 151 197.58666325878158
91 159 29.951631461843274
92 97 38.34926586363235
92 104 42.535674015214624
92 108 103.78384029310033
92 118 40.04176480846474
92 134 72.77289267979637
92 135 2.1269693982657376
92 143 225.84060866551664
92 145 25.4547998910524
93 94 115.73907865217247
93 109 195.07293723331284
93 126 20.852045329439843
93 142 7.361849342876527
93 143 14.323092985441972
93 159 48.15271098675198
94 99 38.433766962929006
94 103 10.402505617710986
94 136 43.11754782020388
94 139 51.60080203214659
94 150 148.10254857320732
94 154 42.71527935608493
94 158 15.439353693799609
95 112 66.4263229218268
95 146 29.70827591170063
95 147 123.55353441715361
96 108 187.43232613774896
96 112 11.788236240214596
96 120 131.14222371215982
96 154 30.31005635590736
97 119 4.39152521286573
97 123 39.749213619400535
97 139 36.57335201836954
97 156 154.63114032289457
98 99 23.149527355156437
98 109 71.39494794332765
98 120 126.86888921273355
98 123 82.86628193670762
98 142 184.12659364848133
98 156 190.72851396003978
98 158 196.76859104647212
99 109 2.523348526471031
99 117 6.191001893047648
99 118 0.43246310337399574
99 122 55.164154336775674
99 125 59.44581570493188
99 127 7.61244407244639
99 129 28.801830786304173
99 130 48.72195763359009
99 134 216.6753889784225
99 136 196.61809925996764
99 139 8.189661017373247
99 141 105.27228276807709
100 114 17.77431266299822
100 115 595.5765904513418
100 119 37.02626548916213
100 123 41.159902649172096
100 130 30.11912656639132
100 138 30.156302753011772
100 143 7.486204251616135
100 146 276.6012311917604
100 148 188.190302177116
101 141 12.999189497006686
101 150 5.009433021535071
102 125 5.298443355354058
102 130 4.885668572719887
102 134 294.3546783393337
102 139 21.659256347208377
102 144 28.71740383041228
102 157 40.0279964619666
103 137 2.160108300239031
103 139 101.74722130464998
103 141 46.781257402476186
103 155 18.00509220762884
103 158 28.560198338974455
104 126 42.598342150556675
104 135 213.57217492068617
105 112 17.916490582010884
105 137 69.27560014880224
106 114 0.21889051210303362
106 120 76.69867288567332
106 128 22.38189280014271
106 146 2.727524421232986
106 148 43.00584213304425
107 145 10.946723050851816
107 149 50.47676039435453
107 157 44.06682938501779
108 110 120.64104571509301
108 120 31.695126459283863
108 128 54.24307563510578
108 135 496.1571050866037
108 143 26.463861268488532
109 114 45.070445295507646
109 116 79.66748550852016
109 136 136.46308335777206
109 147 5.0165374452068745
109 148 19.946250169650927
109 156 35.98972118108185
110 130 416.6944365177776
110 140 9.73374665944233
110 144 21.88645644715818
110 157 183.05954147042297
110 161 132.57953964889748
111 126 136.6985369014605
111 133 273.39493312403147
111 160 577.9560757443663
112 117 182.74158538833092
112 118 162.09162639049188
112 120 27.248925704608087
112 123 94.1156152778022
112 143 63.755989778452296
112 152 63.186324158748405
113 127 55.54912767223541
113 129 32.08009391557133
113 152 31.102422275122592
114 117 4.882756800416536
114 122 41.397722125694074
114 155 213.40103153736047
114 158 70.07149053386384
114 160 58.44249951640557
115 116 17.380773345046162
115 124 85.52904617505773
115 126 132.80698956363503
115 138 5.905031109491588
115 143 100.12664675567666
115 149 70.76739398727747
115 156 8.343399947289354
116 136 130.2581287431605
116 153 8.571450037688686
116 161 23.863225702490897
117 120 29.72151632831323
117 121 86.77917790841917
117 122 211.11687684108682
117 126 298.2671359972554
117 128 52.25133317115919
117 138 121.91520301077514
117 141 56.31503327712847
117 158 61.193633832968736
118 137 179.4053160257642
118 148 169.74639272274257
118 157 74.08721312611785
119 143 19.76920899632587
120 125 143.98353651305072
120 131 15.670775680106507
120 153 109.73890530849715
120 154 178.66865228135703
121 134 112.87208161469023
122 136 61.05776042425673
122 148 128.66702132529514
123 129 16.651126238777778
123 156 37.366102942929444
123 157 56.42017619601451
124 126 79.52596849242715
124 127 121.99568737177717
124 131 34.02626541615521
124 142 95.83499375616961
124 145 39.49355489430001
124 151 346.9048542555067
124 160 90.803197052452
125 135 226.6173515359199
125 144 55.695799127014226
125 153 98.85777096057983
126 132 160.20398862722126
126 137 38.42183695711808
127 143 35.796485483622305
128 139 72.50501132040183
128 148 24.351758918910605
128 149 54.67194859115371
129 130 102.33706184128984
130 133 95.74047384964886
130 143 110.68859619995732
130 149 52.462492115566945
130 161 110.65678637990482
131 135 18.694679638419842
131 141 212.45717389344668
131 143 46.17797006752766
131 145 129.68991536814417
131 148 10.584689758216054
131 157 0.10862108085366083
131 160 10.78740400868514
133 146 12.72470003143864
134 136 23.61483200180189
134 148 156.12315845346552
134 149 117.98685544733445
134 158 370.72710221240857
135 140 54.916646215218016
135 146 184.19106251743554
135 157 56.05833244821644
135 161 14.443733512345904
136 139 154.9666986397947
136 146 95.86199775935161
139 149 22.17764344453039
139 157 87.04487573414362
140 148 3.9140121934566996
141 144 13.915829192852774
141 147 435.55687267165735
142 151 26.436583159623098
142 153 78.68831087579346
142 156 111.85314026769522
142 161 19.730749237903655
143 147 17.891662654969533
143 159 58.027924310094804
144 146 3.2178071703930162
144 148 67.72887510157997
144 153 42.67453134297645
145 161 99.93644478763889
146 152 141.43736543128938
148 160 109.07084186625003
149 153 0.17792694697652098
149 155 168.96546572482924
149 156 214.29419550451175
149 158 250.7002007950136
149 159 75.31673089687413
150 154 138.20663600120253
152 158 1.9054931387861094
153 154 2.3972489965141586
156 160 54.0299837305622
157 158 17.280885489369727
157 160 57.55361499324861
