0 1 26.910874051435364
0 8 22.78719536763321
0 14 70.13819501629135
0 22 109.04697351431791
0 25 138.95647557333095
0 32 0.09749605033531523
0 33 98.68058056118207
0 34 76.52903714346782
0 36 11.47103419713466
0 47 58.48195110682598
0 55 97.7951790594054
0 56 5.890738621502875
0 61 14.215425998392709
0 91 52.563458964420995
0 107 89.66926271049496
0 116 124.2225569745208
0 120 37.23656616852639
0 140 186.02603797382127
0 154 113.54175376874176
1 3 13.539672983985819
1 4 51.82798898295096
1 6 328.15035071873405
1 13 63.92757576583663
1 21 22.96881589467143
1 30 14.53585978892022
1 31 25.464809607544463
1 55 35.08062365837777
1 67 22.42553537594515
1 74 365.6445200606128
1 90 129.1966041535808
1 101 4.381062814215213
1 108 165.17677013583582
1 119 33.11760912123651
1 122 11.746860157479507
1 129 95.14098051403307
1 131 73.61358923770631
1 132 77.28296586207945
2 11 51.77723514257056
2 25 36.62659800363912
2 61 43.27673455961229
2 62 64.61099717861265
2 79 5.986485461747257
2 103 54.13060332084023
2 111 193.27474994231065
2 113 5.131141807171594
2 115 4.471121318845029
2 131 0.1770404830285485
2 142 62.836032281101154
2 148 71.93446149579525
2 153 2.611839932621552
2 157 18.18552875893397
2 160 50.01977899050837
3 17 24.825731114015383
3 43 166.58166298285096
3 44 92.3364970330579
3 53 46.64347954491816
3 72 109.96799555758766
3 80 129.61037024308587
3 87 16.306107493673878
3 91 148.09563879654118
3 92 1.5934628053353395
3 100 65.33938199636609
3 103 7.881855054391957
3 111 215.51846951480866
3 117 178.07609259548036
3 122 167.3797504147477
3 125 52.466118339920826
3 130 15.429252412877457
3 132 110.34520331932919
3 146 26.32811461793081
4 5 16.394174435796035
4 10 33.64382228025591
4 11 138.91907246364622
4 60 33.343091501568715
4 68 61.96871890169594
4 83 25.79689611577292
4 85 44.60673380109222
4 92 81.52768619337292
4 114 157.25722116448415
4 133 58.70829470442856
4 136 12.603719205926692
4 150 70.2874847420456
4 161 39.4154101743881
5 11 70.40441375421979
5 18 41.206619626161505
5 26 429.0278384793302
5 29 5.439148117487945
5 32 16.655737246658504
5 42 23.077881932362047
5 57 58.60210371437399
5 84 36.87788900839562
5 88 48.53762862126476
5 95 64.67568246185162
5 98 160.51797329089703
5 99 70.26719197999263
5 113 43.26741230948389
5 116 31.799819074216614
5 117 9.410861339514032
5 124 121.35926480956012
5 138 29.487355336472827
5 150 34.345737358165565
5 161 2.2334437173261703
6 8 267.08898439698453
6 12 130.79703084641264
6 27 15.489690626851193
6 60 25.792614179632118
6 61 104.33762781814367
6 91 113.98324617145713
6 92 24.79429163443651
6 116 6.267631738754669
6 117 58.349654141734106
6 126 444.5878538276299
6 136 12.667846341134089
6 137 327.45833203279375
6 152 98.58752188231789
6 159 90.91529844095002
7 9 15.31245689732673
7 18 143.92813710478953
7 20 241.8363123435892
7 25 209.37965207230923
7 30 135.70779213508285
7 31 14.850637094212454
7 33 136.94689348174322
7 48 155.91144346440763
7 51 26.290344848686548
7 53 149.54970493394615
7 55 47.79506989073212
7 61 173.05038967488983
7 64 71.56774509605034
7 83 176.703989185222
7 92 97.84119005358055
7 99 37.73879769359851
7 106 49.51405670818636
7 113 114.37183099808547
7 118 58.93281863505876
7 122 1.8841213259285472
7 132 91.38293134924672
7 146 16.76596489576803
7 149 3.3971780387589856
7 153 31.54295997826258
7 154 88.86439077572489
8 14 47.10331620630507
8 28 59.47399773080125
8 29 36.288291502446235
8 50 92.46016058493348
8 83 25.4790718473603
8 89 24.380272324041925
8 93 165.26605904369296
8 98 14.15372014660246
8 100 14.395292808754904
8 123 185.25814888258296
8 129 1.3509718801244104
8 146 49.2367300155389
8 147 45.27926173604545
8 151 198.86667283588199
8 154 54.908798243622904
8 158 150.67600753066856
9 16 14.067749357171552
9 28 72.84104004795152
9 34 80.01854663824885
9 44 116.99763201773773
9 53 314.2576544096118
9 66 72.36819189426107
9 73 75.12516826428289
9 91 128.93199210361888
9 96 69.32064649708268
9 100 79.78082506767345
9 110 58.01347331579865
9 114 194.97949642939574
9 117 165.30621626190455
9 122 329.8764069126385
9 133 15.011030413235945
9 136 99.53775323558709
9 159 150.83949331066282
9 161 18.458023937936588
10 19 134.80237505370195
10 23 135.90022279588266
10 26 147.68398315392068
10 29 2.826331481763961
10 34 19.292267323309385
10 35 1.2206808380970566
10 45 199.84788164919502
10 46 89.91384327268456
10 52 124.40118970681277
10 53 211.92873837221296
10 59 66.54383416787233
10 68 78.02507507931021
10 69 0.5089777414237119
10 83 126.82744812086831
10 100 6.583738693497508
10 104 48.959766535272415
10 129 14.622203992918944
10 136 121.02352786703347
10 146 96.04625856550334
10 154 12.012592303279177
11 19 13.296594761028702
11 30 20.348088744650788
11 39 103.80870058789733
11 41 42.54353133019816
11 56 23.54053729375951
11 63 28.41747787134413
11 72 8.549380291516792
11 79 85.75979229525687
11 80 24.78255005090517
11 84 46.99056823145844
11 85 89.11659210107479
11 90 32.09763508664537
11 98 280.4602298029639
11 100 76.85999752609324
11 110 58.65996769449517
11 113 12.667736975555734
11 141 175.73650704855842
11 145 67.97929675620126
11 159 79.41429811322898
12 15 283.7548110208892
12 18 497.3628491141235
12 32 99.59365861024853
12 42 18.62747700418383
12 46 100.51212645756915
12 54 0.2212548682669085
12 63 471.7693161391255
12 80 125.75613549917877
12 85 92.12993170697298
12 91 60.604776430515855
12 92 45.315668038577066
12 93 100.06990853464116
12 100 115.99179273621006
12 107 2.414311880669393
12 109 93.10177652501196
12 114 22.680819602869768
12 118 35.073794692548425
12 121 6.009385313105045
12 131 66.0250534599592
12 143 73.36446177004443
12 150 2.9815162908537958
13 18 349.43412326582234
13 28 62.03245222127736
13 50 35.17178521663931
13 60 146.0463903602737
13 68 80.52399861475968
13 80 152.43945388598638
13 85 4.037569091269632
13 94 80.6263488312402
13 100 107.24522627738597
13 106 44.316454764148276
13 112 40.75683802453159
13 125 45.837387235317976
13 127 301.332128924603
13 136 4.685142953287567
13 137 66.39819687938954
13 140 0.26449013602080845
13 142 151.21402320166226
13 149 7.541995264209124
13 151 45.25895046938728
14 34 55.11885953111665
14 61 86.60104405286225
14 77 28.09019937668312
14 91 31.39918970275931
14 108 64.22674615414506
14 122 22.849267063630386
14 135 60.88507584650685
14 136 10.721454760190056
14 161 55.201362509041516
15 21 3.17929318170486
15 22 63.079493833927
15 46 89.96195770755288
15 104 108.14527141246755
15 144 63.77391983703386
16 21 124.60710448155548
16 38 88.60119256506363
16 40 13.07466306105546
16 48 19.063665154733165
16 77 217.68574573555705
16 83 142.35463704488052
16 92 111.46416213453936
16 105 3.444292910946386
16 111 30.657044779750272
16 116 205.0304999846234
16 128 2.914696082045404
16 130 2.6174120314049034
17 48 17.903201430930785
17 53 299.669610548125
17 66 188.497075330118
17 106 183.10205818689695
18 25 29.22790091345095
18 28 58.238417734823685
18 44 17.42597079401322
18 54 20.307118897844184
18 80 59.51747259167829
18 83 34.672040772740324
18 97 44.80104689976073
18 115 97.36466680560441
18 126 59.57570409642414
18 147 51.94185624413097
18 149 192.30056238424206
19 21 65.99395656093898
19 43 331.33112898765614
19 48 40.82363905519295
19 50 124.24790911158543
19 55 187.09377426735136
19 63 30.808190874958427
19 82 1.0382929701883623
19 83 174.45102845779653
19 84 156.86640767905024
19 85 2.8601244012785134
19 99 8.413903137950058
19 114 104.76393171088938
19 118 101.4290871735109
19 123 92.32794270904957
19 145 291.45526076756
19 146 93.20577349301271
19 148 134.79991332079715
19 150 1.0700750455301369
19 154 18.416895874182153
19 156 67.57133048253867
19 157 125.57139784434912
20 25 92.21628318765157
20 29 9.705686245354762
20 34 112.79277836817248
20 46 4.177484195701621
20 49 108.76385406964059
20 57 100.78710173258536
20 82 460.9131417605222
20 89 17.19187946400861
20 92 77.56651723050241
20 93 131.69079840178279
20 103 25.986919280468033
20 105 204.76544515790005
20 147 111.54010636305412
20 161 52.18753587596607
21 30 7.617762268003163
21 31 2.0913241950211243
21 41 204.89115141897145
21 44 3.8802965031831946
21 63 164.22804053915613
21 68 35.76275935309706
21 79 66.63111183954493
21 86 43.817249549061486
21 104 140.52866944879847
21 108 52.857860609856544
21 112 39.1371941092288
21 125 66.69984378455777
21 131 52.362927864613816
21 152 104.71363690579804
21 153 32.44108332076433
22 34 33.67101311177988
22 42 21.754243550662792
22 86 26.310043487505403
22 98 213.05210908832206
22 116 101.05693928037178
22 144 15.598642693487712
22 148 40.43881373439818
22 160 25.50434739001455
23 25 294.55417541453255
23 26 135.83329765684852
23 44 94.74430354245168
23 46 2.918255518162258
23 61 77.27393328554537
23 66 8.714459962482822
23 92 40.57699773119034
23 104 88.05889727496273
23 120 185.4036109719295
23 126 231.81645644930938
23 135 206.039917344719
23 143 17.84973087159761
23 150 53.743150584261194
24 27 69.49026858493401
24 49 12.817541297519291
24 67 82.7101772746245
24 79 10.40822287705174
24 89 37.16156770021493
24 97 12.746512556743474
24 98 295.0651219516087
24 115 258.32685368757876
24 137 10.585929187155593
24 143 25.89121122972484
24 154 125.8806939547949
25 26 163.4680302227783
25 37 364.37473368515873
25 44 58.94751153957178
25 47 138.83299101831022
25 55 5.302497513645896
25 61 14.100390127335961
25 68 52.10370747183036
25 78 19.059996429583993
25 84 26.08356998919526
25 86 155.82792562179267
25 104 43.52511587029148
25 113 334.87639034960443
25 135 56.68018821087554
25 141 34.018130569745196
25 154 159.9482384336063
26 30 241.1515614431937
26 40 161.53046782500064
26 45 287.3357605365731
26 76 108.15778787578706
26 77 6.5341647336466515
26 87 82.59913342252511
26 95 97.22118388748689
26 96 224.51693180341357
26 105 210.4215581576375
26 134 240.33798548562234
26 138 0.7778795748774329
27 53 74.07782105654452
27 55 32.7103775594478
27 57 19.991883039039806
27 113 5.657800861478634
27 122 26.048003319839996
27 127 42.85179786025904
27 130 6.408968573296729
27 148 88.77137021061053
27 154 57.62562827383707
27 156 140.73682184357762
28 39 68.07959842864864
28 55 17.525989703084566
28 83 15.630788190443795
28 86 21.19591916043504
28 110 35.11241468430747
28 120 11.406282953931003
28 121 212.2408113516226
28 135 155.3562959411673
28 143 19.326215459743693
29 53 201.754595830503
29 58 127.00735710759696
29 71 351.479911814326
29 77 33.95585759994132
29 89 76.62761642126875
29 108 14.154471770005658
29 123 113.92624069759566
29 126 36.68714623683571
29 131 18.347704323748523
29 135 67.1987482737435
29 155 237.80874505481506
30 42 28.489251131938456
30 63 113.35543440504024
30 82 42.25079242063087
30 87 95.14199554086017
30 90 326.01206141982954
30 92 15.777526569297837
30 96 20.00141328552356
30 102 91.00137823879204
30 104 62.24721109267644
30 108 212.360572863084
30 117 2.895519620513257
30 129 105.37789654390542
30 156 44.58848237958706
30 161 211.0466810311818
31 38 34.642481966720496
31 42 103.67114301712971
31 53 91.74151229205124
31 66 53.725712834593686
31 73 215.08728902685314
31 86 11.47791007741124
31 112 6.027584835032803
31 125 199.86326920059216
31 126 114.86249597174483
31 135 69.41763732080061
31 149 6.024682183461286
31 150 56.86850667535968
31 158 91.86998485721438
31 161 38.04440086355804
32 48 131.8043117212266
32 51 10.719620358557403
32 65 28.7446661902994
32 92 82.84135069004913
32 126 9.834060331132283
32 135 11.570286467937068
32 157 35.53921626761405
33 42 54.502244933004675
33 66 112.17335299432976
33 91 221.6937435238002
33 94 165.48318736443633
33 95 52.94920307457472
33 96 109.97088536919837
33 101 17.140854434591652
33 125 100.66296093166748
33 127 13.12083123547843
33 151 74.48247054847864
33 153 4.297103687366578
33 159 68.36433980203996
34 35 184.73439458670413
34 63 98.70351899352616
34 67 8.619483286474324
34 71 113.36853724144598
34 72 75.67299794182496
34 82 22.594821296258033
34 91 75.90633133436106
34 102 6.307580615382587
34 106 17.96411584997085
34 120 313.76988617601353
34 122 9.216792194727299
34 129 4.141423866478788
34 132 9.094429926639148
34 139 106.17856598718606
34 159 33.240505307947714
34 160 2.1926833830079557
35 49 208.34253862966
35 60 119.34426750877365
35 87 36.64645012837521
35 130 23.504364502286823
35 131 60.64516300434767
35 159 58.724483568246704
36 40 24.21594019523569
36 42 3.091530548468122
36 44 13.51622313964785
36 67 207.8948922249634
36 71 67.39161070340099
36 74 151.37865633961502
36 93 79.05823242774841
36 108 420.20562486574966
36 116 13.857572074430182
36 122 6.583615204317772
36 137 103.30262597612044
37 44 133.36015342501025
37 45 28.446780400137595
37 50 0.04902839559441023
37 62 78.25306840140043
37 68 224.6628988111351
37 75 3.6999250015751284
37 77 68.06701111215637
37 99 65.83495848130116
37 131 165.415175274904
37 135 205.78109820621052
37 157 16.966751174671884
38 39 26.962923727583714
38 42 129.27531285608694
38 44 103.423288909108
38 103 119.58561495684995
38 107 47.53513100422196
38 131 128.12303798230545
38 144 86.35496873106749
39 44 13.486753262036743
39 75 19.9325718207519
39 91 45.89871996661365
39 108 50.65064306649301
39 111 115.79704488012204
39 137 51.4943787023925
39 155 36.40603925902571
40 44 12.874387825145426
40 50 9.78336025421029
40 61 67.78244693896819
40 65 12.011058909474652
40 71 92.63845372814339
40 77 46.76769569769771
40 93 118.07451362826605
40 103 53.181134158214626
40 115 41.145724682018084
40 130 59.21530419145226
40 139 7.722115249945944
41 44 29.23683126373637
41 87 97.21342605898062
41 96 58.55807570752263
41 105 210.15162128774168
41 119 69.76651431611793
41 132 485.7864223060993
41 153 343.36710143057945
42 49 40.263501706520294
42 51 195.76877543560653
42 56 136.3258307337998
42 79 32.81091157469706
42 88 19.766932586525773
42 92 73.11606645843388
42 98 10.634824608007431
42 99 167.26557551414294
42 115 306.52812399218544
42 121 24.416507159194435
43 60 92.48551984415012
43 66 118.1161282593579
43 81 78.15025290094569
43 96 13.841661390071883
43 108 112.76467629119085
43 111 21.78265903944138
43 114 53.01554422688616
43 122 47.08176073247571
43 123 41.980146469620244
43 126 221.9846935750443
43 128 155.56579536672643
43 134 88.52642542305418
43 144 78.30202633530827
43 153 5.72816478870466
43 156 118.0685041714154
44 62 15.443476964351897
44 75 91.50811206242896
44 84 62.43934647511914
44 85 11.339132471402845
44 94 4.773860777506863
44 99 27.576353419387665
44 110 3.84278237492105
44 112 172.71170568064417
44 114 16.957529156134246
44 116 18.99422693152421
44 128 27.63118441723347
44 131 129.8560490241807
44 132 11.728893096422931
44 134 1.548555614379455
44 138 3.1986613724987243
44 148 49.17109950942143
44 149 36.534459323109765
44 155 174.6679395107531
44 157 116.04835416096476
44 158 58.7913783682002
44 160 26.319725178494785
45 54 32.73210017295206
45 55 310.49411560903184
45 82 169.62497959452466
45 96 7.313335601187493
45 105 4.9464358566912505
45 121 46.167331898279265
45 126 31.94041065298481
45 128 21.054476839704932
45 140 3.979373049584047
45 143 271.7853992424488
45 147 179.9746588137499
45 149 83.69520233272122
45 150 58.52819825591616
45 155 6.257889034820586
45 156 152.66575046035285
46 53 38.33300524759194
46 80 91.5293246158721
46 89 33.58312599311187
46 91 5.50428597206014
46 106 49.36896178636021
46 113 129.223895308194
46 114 34.67487063484374
46 115 48.86830082522175
46 125 16.312529774651782
46 126 76.00851496398474
46 131 35.26532544207997
46 149 9.362074241704518
46 150 271.20624587283874
46 161 174.0516680346608
47 55 155.285002074267
47 61 18.8248762393982
47 67 1.6400811881134785
47 75 107.82845856110451
47 92 259.3335810352261
47 103 10.339165783679565
47 114 165.16553595644112
47 135 101.25028442424157
48 57 6.604907194514102
48 58 156.05060656826151
48 61 3.965818146976916
48 64 41.52141781368576
48 70 18.026249492422597
48 71 57.152411506629036
48 89 128.360898076082
48 110 18.548031422416795
48 111 171.58440068636588
48 113 175.39389280492873
48 140 174.80211026660896
48 144 10.347803979102654
48 149 11.77383948034863
48 153 22.129388789575675
48 157 3.803786393225477
48 159 33.05839803853435
49 67 97.43248431463283
49 82 9.842113135338893
49 84 110.23983105165308
49 99 2.7022671911580547
49 105 47.66334764787792
49 122 51.662069761279135
49 127 68.05801919016403
49 132 0.0184121849116227
49 149 28.051634289692952
50 51 179.8290000497807
50 67 88.5529847652238
50 72 34.32027202343311
50 78 21.057764941465557
50 87 35.26332666892039
50 106 101.32243104079446
50 128 202.51988390016197
51 54 78.06833519946825
51 55 73.74228411221193
51 57 30.424294620728414
51 62 26.5943994983788
51 82 58.5640761089974
51 95 56.77161495641721
51 101 38.01600456038651
51 113 22.656949210258063
51 120 61.1968665935237
51 127 17.974574935924895
51 130 174.18390226818806
51 132 68.21154933708223
51 140 237.40530419181448
51 143 36.013502141890186
51 157 75.29355661017982
51 158 94.97029471396176
52 71 144.9102456279613
52 72 66.88835490054159
52 78 29.66974436531319
52 82 122.48800079647657
52 84 61.10514441694893
52 85 5.506703459807179
52 99 29.981607161503486
52 103 105.37362880383921
52 114 54.861328539451534
52 116 55.120041129001905
52 123 22.308513704213162
52 138 17.49288824588633
52 157 17.584526649087106
53 71 269.0538707329623
53 79 250.93371216959744
53 156 79.42888554519811
53 157 232.39840220783086
53 161 168.78344910106517
54 90 68.09181793796333
54 91 72.89795658085185
54 111 59.886057686639624
54 121 188.67292488800715
54 123 74.8885833293301
54 146 16.40237792451617
55 72 116.76920173470373
55 78 4.703142793805898
55 91 31.94930577529184
55 94 225.51473515837128
55 95 6.143805057409793
55 98 247.59146519184068
55 101 125.05349765374358
55 105 42.294948892522164
55 113 50.39719826445798
55 115 325.4765057340055
55 121 20.274626607004166
55 131 15.084461742691785
55 132 10.692430333717779
55 133 66.55958125489533
55 135 91.3241549517936
55 137 63.81609602476918
55 142 191.49037485381135
55 143 73.17092856091244
55 161 164.48117784987645
56 66 139.05468832871986
56 83 43.12166931128265
56 120 127.15854564282284
56 150 23.24520168588525
56 152 100.39698161615568
56 153 54.87207045026015
57 61 8.750230490721895
57 63 139.75349777176302
57 75 9.61459603307088
57 80 118.39652415746347
57 87 76.0900546880765
57 92 7.678569378747625
57 97 33.933378943748316
57 100 2.1898249239162157
57 103 34.18719114287773
57 122 77.0581999147428
57 134 126.04886423543037
57 137 186.76806377627648
57 150 20.785085230215085
58 91 74.42940335870456
58 93 16.57132270643763
58 98 69.54935559086078
58 125 172.49302381867713
58 132 46.791764718575536
58 133 47.4985806478655
58 136 122.45919362940657
58 137 6.081206476027587
59 98 173.21065131293344
59 108 275.5623731467571
59 111 107.07179774543629
59 122 51.57751324468934
59 142 51.95182510126207
59 146 62.19331741245036
60 72 165.55462302144244
60 74 6.77244786303443
60 91 6.817102514633252
60 102 79.39606914497078
60 111 1.4596066412035225
60 117 14.103423990889773
60 125 3.3846292718412756
60 158 25.31784601918136
61 75 109.17605994335973
61 77 3.1836297967260205
61 81 19.445267144342605
61 91 103.01858919661058
61 92 34.83682798095589
61 100 101.9814175648554
61 110 113.0150928637357
61 123 1.2936716200379696
61 124 30.14894070143572
61 127 46.48046438735618
61 128 25.988508150445103
61 135 95.94451356517229
61 141 64.53152337568658
61 148 54.424260770449244
61 157 102.74717840574085
61 161 52.721246939915545
62 83 51.04963782500057
62 93 33.40759279751562
62 100 23.911887447201394
62 108 2.2925979711890356
62 112 56.90620108993878
62 114 76.28868424391466
62 118 141.16274447437672
62 123 28.863696719759293
62 131 107.31548282932934
62 137 377.3481967658304
63 75 143.3145585177583
63 77 20.8399671288559
63 94 161.2433513428619
63 97 9.528201203453783
63 126 370.2239946292118
63 127 432.7666701016186
63 142 60.05601399166428
63 148 85.80523893771824
63 153 125.97377207531231
64 74 2.960302645718235
64 92 0.44225612019243676
64 94 82.82365598787065
64 114 35.39006889364198
64 120 83.74880905532486
64 143 17.04782740004766
64 145 165.76559110583378
64 146 36.39539150725235
64 157 2.848784580051796
64 159 16.671945981347363
65 66 18.578807607342796
65 67 61.45688836170293
65 69 111.04800568042953
65 75 189.3523630465648
65 81 35.93294084470588
65 84 59.99002766150535
65 93 55.31769310819282
65 95 201.04514939252002
65 105 240.4424988311261
65 112 79.3730754036866
65 118 68.3841873777098
65 128 15.394511919298342
65 158 59.72024523569976
66 77 111.41623074090388
66 87 62.8188534074677
66 91 14.93381149495655
66 93 45.72319638255632
66 121 5.02889601587995
66 122 63.63412886354681
66 127 213.90543834843027
66 143 31.83366266715787
66 148 129.75430868703182
66 154 15.522519602847767
66 155 167.7482826266269
67 84 138.00352250314288
67 85 89.92584213289328
67 110 59.376975908541944
67 111 366.0193841045725
67 116 11.014234154314906
67 125 73.66952888643854
67 128 78.21465787720196
67 131 75.83333527624542
67 147 37.21743091312502
67 150 9.57672356694055
67 155 402.33529715412504
68 77 1.431004826738306
68 87 187.45620888539133
68 95 173.3621243011688
68 122 10.994537259030903
68 123 36.71482729122908
68 140 153.42949032791134
68 143 70.0672820984084
68 148 35.78177577357133
68 156 383.5962375427798
69 75 95.14240268714791
69 102 215.73809808411474
69 106 81.19251963177602
69 110 13.884671849913461
69 111 45.83711801208451
69 125 75.06673587670852
69 138 31.513026434408104
69 139 15.214947654877871
69 149 69.7616668898842
69 152 86.30175605688176
70 71 26.695003550404646
70 99 101.75873847835021
70 103 23.385456830412476
70 127 40.50917093434939
70 129 134.7021909122756
70 149 35.77207940047612
70 161 35.86926284191148
71 77 20.485839746073104
71 85 2.9485206284825916
71 87 6.306041020404944
71 104 67.42598704963902
71 106 30.20210192148678
71 109 6.357077325111649
71 120 61.7240840531224
71 123 109.50932134760843
71 135 61.155745413949525
72 79 8.933486246896573
72 99 149.67312362173467
72 108 42.37580418868144
72 114 43.04209629153981
72 122 122.5692480441499
72 154 62.27862503853891
73 82 54.24620478615205
73 84 350.8920424370867
73 128 83.09801117930577
73 131 13.102891080332743
74 77 68.014335978263
74 87 16.976894191679644
74 92 57.929325783239555
74 93 25.935860574391317
74 95 116.66252319978892
74 99 18.38780283153009
74 105 17.507680868612773
74 127 263.2714433503824
74 129 47.23036267805861
74 131 35.573474707776754
75 81 42.28571526827998
75 84 71.14106264385694
75 87 108.73360796236862
75 98 167.46481210342532
75 123 62.27043931774264
75 125 158.75342426724697
75 131 29.628680245430324
75 140 114.66727497041487
75 149 15.787404146662162
75 154 86.0957911157306
75 157 37.76681502001953
76 98 68.73491554454337
76 101 44.26584336860076
76 115 212.67552166391468
76 159 210.7744298064767
77 108 69.09709073401116
77 110 27.36283624955955
77 112 32.04759023475377
77 143 117.34870804409124
77 144 7.079616547054394
77 148 88.93025696089795
78 81 29.260208009651112
78 84 16.009681369874425
78 86 141.52289860357052
78 107 46.700745383158115
78 111 0.5023078954103535
78 126 6.942522547002217
78 135 40.523610094700395
78 149 9.158542821939339
79 101 2.2098984209054984
79 104 140.06001537837474
79 106 139.97444857637873
79 128 67.64564163075686
79 129 39.26990129262898
79 137 42.649981242408636
79 145 0.1244002281899088
79 149 62.940338144784874
79 150 16.16092008921542
80 115 877.198428340588
80 129 86.24080384040069
80 133 110.93434099733439
80 143 170.8940682621141
80 145 224.11057516119715
80 151 82.36350574079815
80 153 53.65710603437153
80 157 4.277429892311672
81 95 40.009581152640955
81 122 30.48286936084491
81 124 32.11602400225295
81 134 49.28891267574462
81 158 59.31064495915978
82 83 20.636321105845155
82 84 36.452533513411844
82 88 53.19315335107024
82 99 110.97179667910709
82 103 76.03037172889205
82 110 66.50071085058701
82 119 153.62685100894626
82 125 16.761496215276544
82 126 19.53361602857903
82 129 26.963716291810773
82 145 132.14916665819865
82 152 2.0193200529405706
82 157 75.3034332075104
83 96 322.2066045511278
83 102 157.36558027961246
83 117 116.06114790294313
83 119 19.384944551246917
83 120 51.203326520886485
83 137 3.709562423888382
83 145 175.6294001544172
83 149 115.78284356145582
83 154 46.958411939153734
83 158 93.89394605230656
84 85 121.05687520629533
84 88 225.89164691007537
84 104 8.27764857436669
84 113 102.15115977792112
84 116 29.352659335128614
84 117 193.10363184180096
84 121 157.973492944289
84 123 146.85851464620362
84 141 43.435159527234454
84 150 28.570546570236093
85 97 76.2489508651351
85 125 69.92744158408783
86 92 47.94680278782871
86 99 18.63063710557295
86 103 47.8766028181311
86 106 0.6721533205020866
86 117 37.116335937055304
86 119 106.33897328834833
86 153 31.773208317626697
86 154 111.22157145928844
87 94 0.7370989731191343
87 95 33.0856310641801
87 98 48.89060970105706
87 157 137.98688661770137
88 93 91.968701753173
88 94 36.914926915861074
88 95 78.63293647130946
88 98 26.613489447506755
88 101 69.56837190836363
88 110 181.42066664032131
88 112 133.80593212741718
88 114 93.61501159943606
88 126 43.0596357156045
88 127 3.785576073954734
88 134 52.3574718022954
88 141 31.325669513807703
88 148 21.282727311495208
88 157 103.44751778409191
89 90 31.457967078447865
89 94 66.77096830565048
89 100 9.31958376415953
89 105 47.4139725829576
89 128 58.675709001398644
89 134 13.941077129794605
89 143 119.61904448004502
89 157 95.450853677103
90 98 97.7984559224492
90 100 26.8635378801967
90 115 28.324824575379516
90 142 41.97155258790844
90 143 47.709220709211024
90 146 88.08186523070302
90 152 200.89028761694675
91 103 37.75897282438569
91 107 72.27684476853744
91 126 62.889886244181454
91 137 50.3533620717706
91 143 22.055154106063622
92 98 138.54987808698903
92 103 17.96453453977807
92 125 263.21454226461265
92 136 9.04143046745552
92 143 35.863238728005214
92 147 15.543010683727845
92 154 1.9589173312612675
93 95 136.687932244528
93 122 115.34362952001133
93 126 31.799200576912742
93 131 49.85569897439072
93 139 20.654527402173198
93 141 59.353960643943545
93 144 135.6606420385556
93 148 56.74938772372962
93 149 195.94063466718714
93 152 90.4250739555664
93 156 164.7997189076653
93 160 43.60676494751202
94 144 124.34295994608763
95 111 5.838130010595509
95 117 47.3495044064673
95 118 22.98310334168233
95 119 68.53794590797484
95 125 44.02682895096799
95 136 27.70704440361547
95 137 207.90979927589797
95 151 170.24678219167322
95 160 189.59420029580048
96 120 28.94387145569465
96 129 55.211747755722286
96 131 108.8668220964364
96 132 100.97898767928386
96 140 38.67770948554589
96 142 38.284337778147375
97 104 108.93951011202998
97 138 433.8889498991164
97 144 196.43620909901702
97 148 34.505622337240986
98 100 32.12643956482538
98 122 139.4818497752486
98 129 10.899246793010295
98 146 185.84587681124398
98 150 52.23264680060307
99 116 87.0752413911699
99 135 189.77346011558805
99 152 10.288321666924467
100 103 32.002892385325886
100 111 17.56395095141795
100 117 74.37606590365642
100 119 3.8071303993111796
100 125 19.843881626337154
100 130 66.93191729466822
100 134 0.7474083168305371
100 142 56.66574960980797
100 149 74.159951779119
100 152 20.684922197416714
100 158 264.35846888416853
101 104 186.56013371760127
101 107 96.7865827047811
101 117 16.934838261869352
101 120 51.30055447023136
101 122 26.75817238031148
101 126 37.34205181050472
101 149 33.871296425895736
101 154 88.50230094278429
102 134 102.88618275116004
102 153 11.671887596320758
103 108 1.1819442763764332
103 116 61.28545709148425
103 124 21.947651393907467
103 132 39.748751296104004
103 133 133.11537181345486
103 144 119.68127588165915
103 146 35.28939603660078
103 154 0.039522015068931854
104 120 40.76989429695618
104 122 152.2802959577134
104 123 20.60231982816205
104 125 207.9068066487725
104 132 56.03428312685666
104 137 175.7344342842506
104 145 11.288635175661884
104 149 149.6978682396547
104 155 125.34615607937454
104 157 11.707283962868003
105 123 20.38217463535722
105 127 112.37454734590675
106 111 58.70386296163538
106 114 3.3258345095965134
106 125 83.31206960541616
106 126 25.29458703540352
106 129 6.680941462549732
106 145 138.23582853950717
106 147 11.147551871947046
106 151 11.589402794017497
106 154 37.893555371380785
107 111 41.81097670912999
107 129 57.723677543697576
108 116 119.18499544769342
108 137 203.145580177769
108 139 25.665940674819385
108 149 45.05223204466205
108 157 114.83188254352984
109 124 6.243690764991492
109 135 79.29167597519353
109 141 228.63277940972827
109 149 40.99671031168575
109 153 3.3517799089666065
110 120 45.58440049949228
110 124 88.89536107045299
110 126 74.53141777817592
110 128 22.03547724194588
110 137 43.23982007042859
110 139 43.613812511018644
110 144 30.71817941844292
110 153 178.24434206991648
110 157 10.17902544243603
111 115 161.09537350579572
111 124 94.56248666591036
111 136 55.88082932378752
111 138 152.3675023719124
111 140 20.950635314043268
111 149 142.89715033159678
111 152 5.635910585788482
111 157 24.04720249689148
112 119 23.46067326555016
112 145 18.353307855597166
112 149 18.940222302158524
112 155 114.24890059375318
112 156 52.04459480494858
113 135 90.72001219007535
113 143 23.484515155626834
113 148 42.25382378383967
114 116 4.799813715484084
114 125 84.68086240302458
114 136 261.1371093131339
114 146 5.528236895943248
114 150 108.98085807899861
114 159 57.712618074147876
115 126 80.80829356321253
115 135 38.08874642371177
115 157 8.175623328097597
115 159 240.39164773772265
116 145 18.83128992168237
116 157 7.4587673405782215
117 118 135.2756382320492
117 120 38.880087675927804
117 127 109.41408956013977
117 140 28.828205787061236
117 144 76.24018888559486
117 146 116.49083504040881
117 152 125.29448514134295
117 160 92.98021165458367
118 122 2.0596505939333944
118 123 0.6575047175969998
118 143 7.59407026795747
118 144 95.37053267056251
118 156 19.701309323697345
118 157 28.431602584862027
118 161 41.01636174867388
119 125 49.99010255924171
119 130 32.11586043567091
119 135 20.8518056599051
119 150 68.42919183360716
120 122 62.63196247145914
120 125 112.79994322438316
120 134 69.6977266994777
120 135 31.126742885718006
120 139 75.91774468262746
120 140 201.3022124111066
120 161 127.967285890833
121 122 38.364816975330406
121 126 308.1125261165017
121 147 4.403332121066927
122 128 41.16230036116264
122 141 49.67140077607201
122 149 353.39960824228496
123 124 85.87167395636493
123 133 5.8677130346310395
123 135 20.917069005672573
123 141 246.02805215987132
123 145 87.05139863063324
123 153 107.64897835519966
123 156 48.97774428280111
123 157 53.83436624762662
123 160 22.13127648447818
124 134 15.773283288748223
124 161 14.243083722845608
125 150 102.6802507541847
125 155 351.5181122119639
125 157 331.9696641010175
126 131 48.92074328198154
126 136 94.5131586255156
126 140 7.89084530311083
126 153 111.20339665814029
127 129 1.2586212688563239
127 134 110.81081792620566
127 136 22.269531319812813
127 140 65.22669128567644
127 159 21.686013092161456
128 129 5.672403839143574
128 132 54.038088653662776
128 135 9.783109846300855
128 137 179.4992981038072
128 140 35.47923885277656
128 146 176.4097190603823
129 137 57.456389277090125
129 138 25.485210007666492
129 139 50.54399913610604
129 145 464.36912299266186
129 147 81.99474426080897
129 151 17.0346052340706
130 132 31.01959429953535
130 142 1.6897373202074664
130 144 7.0842362867174415
130 156 11.935100279132705
131 132 151.12603643951715
131 154 92.6536359739142
131 161 8.91685519451614
132 138 364.6417324492453
132 151 41.33987517210495
132 153 0.6485887255557116
132 158 33.36121287663065
133 141 38.94039531436169
134 142 26.71032064693097
134 143 38.09283162257604
134 144 82.44775142953252
135 152 63.97399085763882
135 161 8.97684572416507
136 149 93.77891171966338
136 155 115.60267327896238
136 156 11.202374186478588
137 151 46.64022064378308
139 155 187.4374326547271
141 146 1.6028725087077924
142 145 92.71677054225914
143 150 30.89683584309531
143 155 113.2749402940176
144 145 138.29624622564708
144 152 25.825602925459098
144 154 2.0880153872932596
145 150 1.7688492184549718
146 149 25.895600094353824
147 154 71.53985282959853
147 156 81.62386651598992
148 157 5.835012999493743
148 161 37.94456740345473
149 151 8.522075230383741
151 155 362.3662291576116
151 161 143.14157176813129
153 157 167.03535989461935
154 157 132.95385577962588
157 159 137.10877512727828
158 159 54.73627734677222
