0 11 8.569694029458237
0 13 86.75349291102837
0 18 16.425360752412107
0 27 19.811200428334537
0 30 51.579354133528355
0 36 15.267963991030463
0 40 0.18465222529635433
0 50 39.391136118043434
0 59 18.97524956728339
0 63 49.06388084320379
0 68 29.668535867222698
0 82 239.83065220718106
0 87 159.08794475010868
0 90 8.789789021630343
0 94 39.84390302097479
0 95 158.52966318384486
0 97 194.5651877536583
0 122 337.1528012598485
0 123 122.82826179308726
0 129 135.19371652242745
0 132 23.882709504588625
0 144 205.50278819824
0 147 118.85803519384696
0 155 32.20355025829961
0 157 249.48139308335442
0 160 4.128289657772902
1 5 181.6617134249324
1 19 22.30546766138102
1 30 0.1549370291599285
1 35 132.56354189878107
1 45 119.10302674462288
1 48 167.77796378561845
1 71 157.57647341782538
1 73 218.64049081160465
1 82 145.07301647476336
1 85 50.22809488540697
1 95 4.299547088133994
1 99 35.97197607388483
1 106 159.9789432240518
1 110 24.787368483856767
1 111 41.47628739373703
1 114 37.518450847039055
1 120 154.78110979713583
1 128 9.437863692557084
1 146 350.2607411936894
2 5 170.71086265283884
2 6 14.197322012821429
2 11 15.856460753179316
2 20 71.0487993279811
2 28 15.882507780096761
2 29 39.83527971272337
2 37 33.90259998008598
2 44 100.0753564864236
2 49 305.9661667200536
2 50 14.949752981479902
2 51 20.386906373134956
2 67 35.230778138324176
2 75 47.51742598205799
2 79 27.159369134715043
2 94 45.59453580465807
2 110 5.5146607086482
2 118 31.865410307516175
2 137 3.174794932090006
2 147 235.19675580589663
2 149 49.83090657193827
2 159 38.654728856707706
3 44 148.11464303144683
3 48 6.133294811921189
3 50 130.2957388418935
3 54 43.1631698293637
3 55 80.38382332892196
3 66 23.47533667993313
3 68 267.7641435858576
3 80 0.8281719182722023
3 95 61.400442063562124
3 104 36.40836785440475
3 119 1.4459951685834167
3 123 182.38559310802518
3 129 1.1631494134335383
3 136 275.9047205250291
3 137 28.470219382233676
3 138 28.844434803540615
3 141 115.02836336120995
3 149 255.51433868356736
3 152 54.038518844416075
3 161 52.227627426502
4 14 28.38168091367392
4 19 22.36076115337887
4 53 49.62876569340665
4 64 54.329124512044984
4 74 112.32315939769201
4 76 70.27153803866138
4 79 102.76714564409335
4 91 140.1959039984878
4 101 119.31660895014458
4 105 357.66674534292343
4 109 65.60347019303401
4 136 18.3337399325216
4 138 140.01531197349664
4 158 474.3117826220734
5 8 4.338005171744896
5 24 177.33050406671381
5 33 1.1116979033954506
5 42 2.6406445578764868
5 44 114.00719408097282
5 46 23.67912753664227
5 52 73.29775040355055
5 65 81.35646385450515
5 67 2.5411727638779458
5 82 242.96744487538993
5 83 72.60089065740229
5 94 69.95022369930817
5 95 73.33563278184953
5 100 220.8016759762041
5 104 90.90357046652164
5 106 186.44311855344068
5 108 63.22039605889152
5 125 45.37225892587598
5 148 105.3825536203715
5 156 64.28476172954983
5 158 252.10869719732713
5 161 110.04998585600582
6 9 31.24811009371753
6 27 14.932281924473804
6 30 28.716518576900242
6 44 28.284627626429863
6 45 10.457287176966894
6 55 10.415022267382232
6 61 16.202416687909825
6 68 74.03614526822201
6 79 322.82355020563716
6 102 70.29195298032793
6 104 26.294130946370835
6 106 21.599850429424905
6 119 4.506304224351793
6 122 45.579601811133074
6 131 3.1225967558913057
6 141 7.430967685193665
6 144 36.86004177636061
7 20 37.66241798538958
7 25 66.3237961223145
7 28 0.3285985262245185
7 37 2.6261016803914257
7 75 301.83248191847593
7 84 179.47708004324576
7 94 131.60061133584637
7 112 153.35597758909907
7 120 78.27222214987472
7 122 504.7278225855141
7 127 160.26250889257548
7 128 61.51662586813725
7 134 26.267198489650138
7 136 142.6032270911431
7 149 134.9574615054694
7 153 163.5727584231368
7 157 36.66600645814644
7 158 241.05321091804504
7 159 167.4495744161564
8 10 79.52709458483615
8 11 54.39740372490717
8 13 3.6122830189338297
8 25 114.4739643032091
8 50 37.227455960738055
8 56 39.75136947878061
8 60 94.71105873892189
8 70 11.457173162443402
8 71 38.037495070140594
8 83 48.90545262827917
8 98 242.83132192935304
8 111 196.62798977540407
8 123 71.53694834194842
8 132 84.64101206065187
8 142 36.15629420479634
8 146 188.35675864662363
8 147 38.46498748627553
8 153 15.47351405474029
9 34 166.8682279183412
9 48 49.970946489091325
9 74 114.79457851245814
9 78 102.72623467298122
9 98 161.3213430567966
9 104 58.106085865503
9 105 81.79741054705025
9 113 326.7246246698392
9 114 4.424936382776853
9 137 168.85870963143935
9 155 85.88420482402577
10 15 54.85369393568509
10 16 70.84122727926962
10 18 136.87891316412367
10 33 38.5163517952218
10 36 107.64273214870312
10 43 124.48960379076739
10 54 39.26930129871848
10 57 68.548534954355
10 58 47.52694694171386
10 59 137.30086002937915
10 90 196.96615333611743
10 95 22.728790220576258
10 105 250.2510266492552
10 118 89.39631777540147
10 124 205.101914813329
10 149 75.11042026659534
10 155 36.41343714307001
11 14 8.424595130224553
11 18 146.6131827783594
11 21 29.256247746306492
11 36 6.647595065855554
11 44 90.42989976418484
11 47 279.2106673717954
11 49 40.571755363904806
11 57 208.91506512050157
11 73 54.46534359779777
11 86 10.008887646055475
11 91 15.367965800318345
11 94 201.0202146047485
11 108 105.61171001358305
11 112 33.26606082906396
11 123 22.331377248714197
11 124 114.01022828159725
11 128 34.97782173725291
11 134 215.0937886773942
12 22 24.502775827722626
12 23 142.83174285690117
12 24 82.010113950027
12 26 160.12256431451056
12 36 177.62962318469187
12 46 86.9367033132551
12 53 128.35920550764166
12 54 25.667183366634053
12 59 28.934246280971035
12 63 63.50293029237533
12 64 16.484996853277437
12 71 1.852391183738357
12 72 88.97768304083348
12 77 85.86628979103689
12 85 101.20454450675537
12 98 78.4388864935493
12 102 7.759797695730693
12 105 101.61218370491821
12 107 29.08016812473452
12 109 7.569240617454375
12 112 78.53098567984316
12 127 330.0958212923973
12 134 172.48669349995268
12 136 14.739478727242824
12 137 29.912333930836127
12 143 137.52213709798946
12 150 310.2726137820957
12 153 26.93323780933295
13 21 23.89461566313041
13 30 17.6986736570879
13 54 82.19821399914889
13 56 51.78909180659028
13 72 453.55147136147735
13 78 10.318116767882849
13 87 99.55881089902547
13 91 49.29043365243708
13 93 136.4856830814343
13 95 8.085767722590415
13 100 23.850078543288838
13 115 19.27258565594804
13 124 63.799636442412655
13 131 17.077433904682955
14 43 12.029128869926506
14 48 38.98615733782779
14 68 30.395904426282275
14 84 46.756940540590726
14 87 41.961209962388764
14 93 36.35711360522689
14 111 227.90211641383968
14 123 94.59840571679065
14 148 63.234588628483436
14 160 136.34616411329793
15 17 40.4856368980399
15 18 123.52366416398753
15 27 82.08301035468887
15 39 4.0482435930810805
15 44 121.7870282649574
15 47 83.74709431729025
15 48 41.1915665453972
15 49 101.6816110375835
15 57 47.12189319986007
15 62 57.77026283189401
15 77 30.613286052266737
15 82 12.02822517345031
15 87 153.79259715844552
15 124 19.494844979085418
15 126 120.30193134957061
15 136 475.5729481666565
15 139 76.59653045747007
15 154 54.635986463663166
15 156 18.337969683764886
15 161 2.796009198584663
16 17 79.89360294665755
16 19 307.23734119502217
16 30 37.159566557641746
16 33 173.74552541589497
16 44 75.4494061658503
16 54 7.267507279230699
16 56 284.4465469239348
16 68 238.7166109443221
16 96 263.1350230059395
16 100 27.20181421419047
16 105 12.719836137365506
16 159 110.75389360377896
17 26 567.1388893677416
17 34 59.49521264091394
17 53 18.63963392017917
17 69 0.9270212443884976
17 75 72.81660683539236
17 83 126.57509553937518
17 89 182.1442169971781
17 96 4.524551498019645
17 102 62.97820256993982
17 138 30.74530045516568
17 141 219.84517584648333
18 34 2.110239402584484
18 36 23.10024455965338
18 39 151.4108182339418
18 44 50.863478172899306
18 47 80.5946141751459
18 61 18.966424787378475
18 64 126.47914946207814
18 77 8.8534304476565
18 82 104.54524234095922
18 87 40.46473792851263
18 117 34.750130999820314
18 131 9.152047974558664
18 133 65.81413200382052
18 148 8.384465185928764
18 154 53.28205855351688
19 25 60.983781494213275
19 28 45.90270946999679
19 52 6.3767753205848114
19 54 69.50084558461414
19 55 35.609568912854535
19 66 208.27261155265725
19 71 23.403567010657216
19 74 52.87603702196367
19 82 302.3452761085431
19 95 20.249028865926196
19 97 21.637573115019652
19 98 15.385862385680184
19 111 246.3277349892113
19 144 64.06798934299051
19 151 29.175949148437205
19 153 188.86830514543553
19 160 410.29350094612835
19 161 76.75907780250733
20 28 99.67003246088625
20 30 83.81016591980924
20 38 336.83686166621817
20 65 181.1376310892069
20 67 102.31858693703214
20 76 179.46687942781833
20 80 7.898540740286655
20 99 104.65918788282907
20 100 180.0896444514178
20 105 129.76957013412323
20 115 5.17007212158052
20 131 33.2685953774364
20 132 6.48944092536318
20 135 7.48967606063005
20 137 244.291611476767
20 143 35.75394867408037
20 144 11.9698371878842
20 150 109.88164151891583
20 152 21.5048939786493
21 28 37.672901443419654
21 33 164.7167487311721
21 55 32.90372365075171
21 63 48.724651372695874
21 68 63.80663617345285
21 79 22.55608882393721
21 88 98.0958144143164
21 96 61.82168688502261
21 112 33.25092021115284
21 135 92.27829164218531
21 136 15.463185538567373
21 149 30.046467142564257
22 47 39.95532052171989
22 49 77.80795759538078
22 87 168.92779984494763
22 103 23.821891093662405
22 128 41.24278719091001
23 37 404.68370937860794
23 44 131.63916366724433
23 48 43.10286775518751
23 94 96.08545889082896
23 107 163.3280217638581
23 121 78.28859667411396
23 130 24.412672519699647
23 136 11.405776390578234
23 142 630.7243219748071
23 145 293.6883648899
24 29 166.96950221955052
24 43 14.070242375950059
24 70 174.20198293379457
24 77 28.69217387100315
24 93 6.128913287852414
24 94 4.818044997398391
24 104 243.50445046950693
24 126 13.080801871926312
24 139 242.91245270593993
24 150 138.2712190938353
25 29 103.94793562012269
25 45 14.957642431794472
25 46 24.942288047699638
25 47 43.454707776335276
25 51 9.302081568047994
25 59 106.82210284051736
25 68 148.2817743615612
25 69 192.98281226334277
25 81 49.67788882249154
25 92 46.45123293298151
25 93 18.76876291949418
25 101 1.245011956982558
25 102 19.93284196993091
25 105 62.30907072974684
25 106 24.70176518710537
25 123 16.069585448204123
25 125 29.948701441361358
25 126 87.02523738403879
25 129 106.25885206732997
25 131 12.51415367886059
25 148 73.64916764769501
25 150 3.2580350356247743
26 32 57.95734883348794
26 43 155.73570984082343
26 54 3.326338549622535
26 64 18.538058804031596
26 75 306.56121834216697
26 79 20.904793927790433
26 81 45.69808169384105
26 89 149.30557371220584
26 113 59.48521317682966
26 115 69.14934851906871
26 116 104.3927545314177
26 122 490.158854095796
26 128 43.75116291977993
26 131 38.33173055461081
26 142 328.9071765547368
26 148 161.13043768443575
26 149 386.6747024519824
26 153 143.73841156717344
26 157 9.791783202157015
26 158 47.5355428273099
26 159 151.50374907550744
27 47 149.85922286559372
27 63 92.58359953384543
27 64 53.22342470310592
27 72 50.41019425632394
27 98 116.73819894850891
27 122 3.873232352235732
27 133 2.5506069156919207
27 137 65.26382817413304
27 149 0.477767447790737
27 152 180.63536803337587
27 158 85.54936516169462
28 31 24.392740264024702
28 46 92.47980141591792
28 87 62.17964300749543
28 102 8.100686235955102
28 113 40.769733832438384
28 114 12.767019559905014
28 128 15.936237705112557
28 132 35.92492212067961
28 139 37.87041099112676
28 145 17.754321279945877
29 41 17.751965809647725
29 43 18.024900314536467
29 44 128.57835286045724
29 55 290.2187601558924
29 61 29.000455730338007
29 64 48.983415647105105
29 90 45.94376723913165
29 91 68.0285917893598
29 109 25.514557548734004
29 110 86.83733654662667
29 114 5.231986713804335
29 122 48.080728798370004
29 124 38.10292985104156
29 126 211.1582095958534
29 129 186.1098010085616
29 132 362.43087748417935
29 147 161.1511552213714
29 153 124.77007551927326
29 154 333.80541067543606
30 31 41.26086285366732
30 47 59.34283610401607
30 55 119.585415349456
30 58 95.80450724405804
30 68 170.08493971163688
30 72 43.25199812959845
30 74 101.31353994865734
30 77 13.616020476605968
30 87 29.58369818574636
30 106 39.38630661771871
30 108 41.22168613826413
30 120 72.61264123181866
30 126 222.39844244956637
30 134 70.45614447397145
30 140 16.17126044051581
30 144 0.6168946770680754
30 159 9.226919117876186
31 33 9.371456817743104
31 44 19.87471276179846
31 47 20.63751505951227
31 77 155.47628770740883
31 78 11.599757811799751
31 80 10.688310439744315
31 83 3.0523014936971333
31 97 42.86365817809895
31 103 34.55806154554176
31 104 11.643648037612966
31 133 144.8090941600421
31 144 152.83143160074297
31 148 182.48112731262984
31 150 36.47777223430779
31 151 153.94608572762235
31 157 1.697937167750952
32 44 155.16798883757372
32 49 28.75857817137549
32 59 90.53194960013644
32 61 57.18569188732187
32 75 119.88350343453983
32 89 112.584774826451
32 93 165.2259425106225
32 100 71.0641887460255
32 120 2.7312983814746596
32 144 30.611216157009544
33 34 141.16939347455127
33 36 10.121605922029921
33 41 31.675671327854047
33 44 44.8102778415183
33 56 54.729403308295325
33 66 97.67234345752121
33 81 61.10494133355865
33 97 105.01659795485179
33 108 151.97984352210557
33 109 23.86793050366523
33 115 23.977019915860655
33 125 38.62946394091686
33 140 10.449138500453476
33 154 46.25313150541047
33 157 101.01452644251243
33 161 1.180800565120134
34 43 106.86364921466705
34 44 50.81904963618278
34 51 47.59452350059596
34 54 25.597205248187098
34 62 59.69803081581198
34 83 43.64563568888263
34 85 27.569659201563397
34 89 4.4457308125208845
34 95 127.97348665611766
34 99 3.700830220530827
34 100 26.357017834719787
34 110 13.927761534565551
34 113 116.05433690300734
34 114 32.200347153153594
34 126 6.361359149272176
34 138 91.02614504258892
34 150 46.98469640268161
34 155 0.5962310295584442
34 161 104.23405771933078
35 50 35.54559078118439
35 81 31.619351056542857
35 83 39.30800115458536
35 105 58.46789420192553
35 108 116.81086090413577
35 109 100.71107677413524
35 122 88.12864138658387
35 136 59.64066543962859
35 143 4.672129128242191
35 149 199.66793705187223
35 152 11.714384014872588
35 157 104.57731583650403
36 44 47.51060504864106
36 53 122.3730823992907
36 64 107.16905469864602
36 81 173.7705802240244
36 89 48.156866648345805
36 100 33.08478276597754
36 104 90.24726476784468
36 120 252.0467934029639
36 124 3.7099550915104156
36 137 172.25201710198598
36 141 117.45267249359267
36 143 56.22450489977373
36 158 115.07602763605043
37 40 24.187004849813473
37 44 45.494226077218265
37 54 149.1973370385944
37 81 61.70473097268221
37 82 3.6973625338222713
37 83 111.16266766440884
37 95 85.1779659992934
37 97 10.83487151372321
37 98 51.943312103560366
37 125 165.15426118683297
37 153 4.121711029530259
37 154 31.138716835131948
38 92 103.27600106031457
38 121 27.82821519875916
38 123 7.408636496226047
38 132 77.7861709623473
38 142 108.68947370550875
38 147 195.61440711477906
39 56 232.8879495882808
39 60 19.40888777139121
39 62 21.928963905682085
39 67 21.73481424739124
39 78 43.24771385590665
39 79 10.130120369992984
39 83 129.227144916727
39 85 32.127439659620364
39 102 149.23834818305136
39 114 96.37611564764693
39 131 2.778548142629973
39 141 44.609148333160086
39 143 62.687617093176954
39 154 173.58174583912978
40 47 39.39965864814955
40 48 18.527093407798386
40 50 38.01191719852652
40 88 67.95890231004455
40 90 299.89341214818717
40 98 153.10567611573822
40 106 44.32246935648093
40 112 42.57699997135682
40 113 295.05483542409024
40 114 14.334162665181937
40 119 153.11975096836036
40 131 42.72038038852712
40 141 48.82792182266167
40 153 5.4315228037428165
40 156 34.54014182467209
41 65 167.7781785097215
41 99 81.67124352364588
41 103 88.8321415891567
41 112 32.183082253099634
41 119 17.244205564444208
41 121 86.91451558032566
41 128 95.27195414001278
41 135 62.287190533222706
42 48 118.9726935656731
42 51 147.54863057272198
42 79 22.989771330206384
42 81 82.98246123985133
42 83 33.41907131019108
42 113 71.45623880914654
42 121 17.737519686473615
42 122 460.0942342841779
42 123 16.888537357539192
42 138 103.54300571296902
42 144 20.351483038253097
42 156 34.05075389955084
42 158 158.68694032157342
43 45 1.8520897334119195
43 48 131.88216391305016
43 55 207.16443626587053
43 60 69.04938297903385
43 67 80.57638949766215
43 69 415.315176772244
43 75 11.590857994409388
43 76 24.36601035910728
43 83 28.62190057530145
43 96 18.288748957813237
43 101 163.77152398451068
43 107 152.93457372523355
43 122 142.37961974573628
43 131 61.169187061983855
43 147 336.22973341285865
43 148 156.45802873306226
43 160 1.4687209717359624
43 161 62.20028751965962
44 46 35.229176020646506
44 50 4.690348950990063
44 59 224.89353989018852
44 73 2.0879886770513107
44 77 34.44326882085733
44 82 29.031217150494534
44 85 76.56217848083878
44 92 32.16925413842074
44 93 7.912602173099941
44 101 17.03676193041195
44 113 20.848008003295377
44 115 107.59899675302492
44 116 205.51128516903125
44 120 257.7053029093751
44 121 111.85738632604698
44 127 0.5977788309056414
44 133 106.19746578965281
44 139 130.75570209416753
44 143 7.03898536871834
44 145 4.802972442647155
44 161 24.114671007977734
45 47 9.74856061847385
45 61 67.95630022879038
45 63 66.10849874278739
45 66 48.641083274041435
45 71 83.68845504309239
45 80 12.537543486492151
45 91 57.95504274880072
45 92 48.51336662406765
45 93 18.818679704991478
45 95 77.24027440506322
45 98 26.886333682209322
45 108 35.77282941928421
45 110 32.27758516833335
45 122 236.84819677232
45 132 239.22240668511776
45 141 17.603372109069994
45 143 119.6518470602069
45 144 12.247055100037079
45 145 84.82721283915143
45 147 7.9284984471988
45 150 2.5951194970217584
46 48 102.60787782782191
46 49 18.727744769192515
46 55 13.533713327229183
46 61 6.1881455781889025
46 79 51.590051216711814
46 85 47.649445145377555
46 88 78.80350180441403
46 94 51.52946120196969
46 100 115.72206333740901
46 108 79.22657142079554
46 109 174.44087587736448
46 110 190.58732928204543
46 112 28.12694550788562
46 121 80.29473063776528
46 122 170.58534349894177
46 135 73.43396946921466
46 142 253.61905142022997
46 145 58.990225576671634
46 147 106.83149910889004
46 149 33.15038671021488
46 150 27.115551216052946
47 54 15.722123325357959
47 57 16.07767510123579
47 61 37.13460140306901
47 68 43.99947199224648
47 69 10.459189353040408
47 78 39.178508777959465
47 87 274.05955775524933
47 103 48.72522579218105
47 125 324.08196409173183
47 137 125.14127627128445
48 49 4.577595074727011
48 51 355.5980149125851
48 58 5.211185673439903
48 70 29.14986145099787
48 81 11.56668146618176
48 84 71.29248788959805
48 87 25.44866675969712
48 90 48.71681802915543
48 91 116.48762251702846
48 93 57.60240904071071
48 103 3.570656373864945
48 108 36.10743687798877
48 111 16.272070976033724
48 122 82.9315775783533
48 137 55.5765051601926
48 138 103.16744644593653
48 139 48.4601026393292
48 157 115.53620519260673
49 53 108.42556265035405
49 63 115.15566292649046
49 74 73.49339284657185
49 93 115.22615572549483
49 104 47.95726013674019
49 111 41.197068971120494
49 116 56.1949699942249
49 120 35.9010348252086
49 126 123.62189023585543
49 129 40.50561538037988
49 143 92.66196025823963
50 60 6.1247036668148045
50 80 20.899460959351018
50 95 54.120795556625396
50 98 7.8867881021562525
50 135 23.16337675368591
50 142 35.37686035739852
50 151 133.59460489010303
50 153 0.24965665722840197
51 61 15.762474555361495
51 69 5.414575296268967
51 75 85.39927545873714
51 78 104.60179561371862
51 81 69.81013252228205
51 101 53.64868177679852
51 104 45.26269333549635
51 115 172.4433787612795
51 119 19.579033163517924
51 123 91.48113250755102
51 126 48.85987388829597
51 130 128.8341386914949
51 147 104.77301053107915
51 157 11.61992218623796
52 94 63.58525391792626
52 95 19.882017144621077
52 121 15.924946229440344
52 129 4.42703762538674
52 132 107.51208261842145
52 142 30.27540459849923
53 60 72.65673886228845
53 71 76.90947452753672
53 84 143.5247596441742
53 90 44.75131700566517
53 94 18.234781103995854
53 97 145.40499707672816
53 122 111.5160374220045
53 142 95.36070632824946
53 145 141.52241954233733
54 55 51.924543105414784
54 57 163.96243404317931
54 75 1.9120132413908337
54 82 1.3759995537698297
54 86 25.018927861763252
54 93 21.42661791517723
54 102 73.25713066653586
54 110 5.614126091192717
54 111 21.596585342968023
54 115 10.63205911238968
54 120 237.5331041992154
54 132 7.12360246078818
54 149 27.20256811109887
54 150 20.746185978793
54 158 26.129040492582014
55 58 53.211675007093035
55 66 82.25470885244002
55 77 305.67836405971923
55 84 58.37877743696083
55 93 32.561317074193184
55 95 152.4726977072468
55 98 23.040095581920355
55 100 151.8673745795678
55 103 47.822494221209304
55 104 111.88309707850627
55 114 31.574752004817903
55 126 85.12457981948913
55 136 73.87774187788756
55 142 18.979733943840756
55 144 5.789744248342396
55 147 24.920252098877167
55 151 66.02167135757512
55 157 135.73099066078004
56 63 70.798544500631
56 65 125.10404332451914
56 71 18.623144706412752
56 84 42.06874449867627
56 108 78.05433075665663
56 120 48.251884302352856
56 137 11.682191847902242
56 142 39.01409114618377
56 149 91.330358334868
56 155 295.49703456683875
57 76 109.87642223701235
57 78 2.392830698262201
57 95 239.7542627516796
57 97 64.41163496384387
57 109 98.16074547332063
57 111 59.41484803866385
57 124 159.9324260223928
57 125 67.77441111483803
57 129 38.58670047287866
57 130 7.797314969613807
57 131 48.96586363240425
57 134 86.29779011638034
57 148 211.7224239355575
57 152 54.33182681159032
57 159 9.82146730284017
58 62 5.028990267056295
58 80 231.9316120103873
58 92 23.31980614516341
58 131 114.13163237896522
59 79 182.50434325346384
59 87 256.473810809145
59 92 9.955599826281752
59 120 110.1750777291358
59 125 254.36393239985367
59 128 60.7250101221615
59 144 157.30170310507864
59 153 293.3409837151155
60 68 113.3266349864314
60 89 44.52156848816568
60 124 5.053914027373709
60 139 205.56129290181897
60 151 45.64839243373424
60 156 2.747715040757205
60 160 60.45735759902847
61 70 35.84034688519134
61 74 66.0017516729157
61 75 83.81222939855321
61 83 56.68377503384721
61 99 4.536889965826587
61 110 7.9290669981683735
61 111 18.6407232877855
61 123 21.509108933714703
61 131 40.471221146729505
61 147 21.87994750007489
61 149 9.819720374458452
61 155 75.78812337393605
62 77 28.933272564362593
62 97 146.62481077555827
62 112 96.40547788188775
62 144 7.580328073201586
63 67 34.76677792323388
63 84 165.05894706001683
63 85 8.38701936195943
63 93 20.836412299100186
63 103 128.17065186107033
63 117 52.283387944616074
63 128 171.57258999991095
63 145 32.22243641811314
63 146 149.05190265159175
63 154 278.92942905207985
64 76 83.73961916643748
64 94 27.367984081337873
64 97 2.7961946240328484
64 98 271.0393221493353
64 111 59.27343678408955
64 116 13.890233868348412
64 128 77.9000676514828
64 129 251.76766755088877
64 130 41.17319841756714
64 148 33.172714989575596
64 157 24.653099104770465
65 91 249.66850415533122
65 92 66.8201760983096
65 94 93.72189136197424
65 100 91.25113608317636
65 111 56.362422933320424
65 113 60.1583974271283
65 136 56.44677597058196
65 139 74.80787743840985
65 159 4.787642097570801
66 81 19.933591401981644
66 88 60.354612636744946
66 100 59.03699486360733
66 105 91.40600143557462
66 113 11.434663754292867
66 116 3.576211234373
66 123 4.220473487509201
66 129 12.4250535410595
66 149 167.29831570447692
66 156 48.50460793029231
66 157 3.0165318659278704
67 77 43.576414226794896
67 89 89.16039693754722
67 96 668.8532608476653
67 99 92.08027174350045
67 103 159.65869194053732
67 110 84.92928790865413
67 118 23.86208894157215
67 128 10.174618663152604
67 148 17.267131678341553
67 151 25.815713609743945
68 75 112.59137656815453
68 120 71.69036404843035
68 121 46.35249553696386
68 130 12.946960770320288
68 146 29.18448468100471
68 149 30.378354128666174
68 161 43.98101573877944
69 71 6.73833006136086
69 73 23.352764103373893
69 74 193.92141939436283
69 75 34.23703354922626
69 87 38.23773508571954
69 94 92.16661032804313
69 106 12.35009589494973
69 112 198.11179036037433
69 117 68.8572372184233
69 136 91.76727194354484
69 137 68.96285032603558
69 141 64.14487896761159
69 153 6.217680160157091
70 74 58.917538907120125
70 90 6.310137427944556
70 117 22.038681736751364
70 150 169.45809949033844
71 103 15.795256193973618
71 107 278.3447318201245
71 115 6.278257145341285
71 129 168.8005562802579
71 136 101.1431233037589
71 144 137.0196190801831
72 79 170.8778001210109
72 95 1.3804756091031316
72 102 26.120306830772606
72 122 73.1881325367198
72 139 37.386347854487425
73 85 64.82670386808908
73 90 141.98034707026258
73 98 11.210229850136983
73 113 182.0996087907674
73 114 283.1613441628603
73 126 210.77124862243213
73 143 16.372900656054785
73 160 58.05632598841979
74 91 23.547228475841116
74 104 155.25247119834376
74 109 10.984203677036918
74 138 52.90430334795652
74 145 266.6187133889989
74 160 2.689068806853357
75 77 84.20752717672516
75 104 30.881411504917224
75 105 204.58947984789032
75 121 7.029931171027656
75 128 27.228250629649818
75 130 358.215401124207
75 132 44.44899035327555
75 139 88.35979830511931
75 143 25.17045847651492
75 160 81.67992627814661
76 109 205.3448968880821
76 136 19.360446325264885
76 147 139.43283405320025
76 159 19.55359157605311
77 87 5.640850992456231
77 91 32.06305917828978
77 93 235.92819689672578
77 94 76.0463849822987
77 95 5.221226981259723
77 98 10.572857674571395
77 100 426.6228743023345
77 105 39.83754563826008
77 106 2.227475899081028
77 109 23.215861263502642
77 115 56.39727867815011
77 116 38.667669649474554
77 123 148.66778936641938
77 128 99.37383393944309
77 130 5.786842989476011
77 147 13.548714683964985
77 149 33.407741754691116
77 156 80.92938652921073
78 91 144.35009634040753
78 95 17.556627725266445
78 98 39.33572131103447
78 100 167.04732184724617
78 110 61.44019885525423
78 111 36.579917751110095
78 124 213.39837497247836
78 129 150.06180937498252
78 131 4.750142867038981
78 136 20.678641430502896
78 140 242.32699416768455
78 145 83.62084136669002
78 148 41.76429046069926
78 152 75.27536169962627
78 156 120.23810764448741
79 95 194.0122410312243
79 99 45.13925474296069
79 100 45.880896527556395
79 134 33.538589845539626
79 142 43.224414976308765
79 153 83.41988904571332
79 157 81.86509658870438
80 89 7.995933227021369
80 95 13.607384530711865
80 102 28.56443755602612
80 127 21.080332279938222
80 143 18.526441809024558
80 157 102.08336207824557
81 90 40.3529050576666
81 97 151.2106780209897
81 109 1.2467893598012172
81 117 128.55636724051377
81 119 20.949024731402574
82 83 9.113201174820146
82 90 24.60586589849437
82 92 17.382729594684704
82 98 19.58906929275062
82 103 64.0253608872268
82 119 14.459744286992228
82 131 45.77589752384598
82 155 68.75011554275623
83 84 264.1841148908362
83 92 4.192747054031807
83 95 240.84455030283362
83 110 39.806789149240494
83 112 74.83485333471495
83 126 123.06547277872733
83 131 23.2765789349033
83 135 6.490495623570288
83 143 185.67084419222076
84 105 68.8313103722807
84 112 24.89826866291219
84 121 16.859640036714094
84 122 196.7287831738962
84 140 23.191054076096226
84 156 75.77921299529292
84 160 195.66235286763597
85 122 61.79980407104721
85 148 30.58252526004075
86 119 43.617184938443664
86 145 81.9279186146841
86 159 76.2145997335738
87 95 86.20896926321011
87 103 64.55624123819284
87 114 163.9786370514389
87 120 98.00567385471467
87 122 175.23009214579082
87 126 25.079428694212478
87 129 42.98668732818476
87 132 202.24702094496945
87 137 20.283551926065
87 144 31.69019510601998
87 145 342.40430540016877
88 100 67.9894166259725
88 101 13.456546547116988
88 102 68.85202546199498
88 104 83.55588214435593
88 128 46.223363548255
88 131 17.260818170126143
88 133 134.15834243207485
88 139 188.76539429707233
88 148 127.65927129608231
89 99 185.87814924055664
89 113 484.63209991694316
89 120 558.705460308776
89 124 119.07935389615976
90 98 111.43666804979567
90 111 1.9403589715167446
90 136 12.811469723380947
90 137 4.786108639986142
91 94 2.9010049519816348
91 104 267.2056666567921
91 107 78.73751096175228
91 109 45.18540387320517
91 122 107.05359527593302
91 128 118.53407420445396
91 136 42.809763176149204
91 149 46.92339496464789
91 153 42.992988187808514
91 159 55.2775726485321
91 161 2.0650394210929823
92 113 46.86605493609039
92 115 13.590840410005939
92 118 23.902356361641292
92 128 71.143271201831
92 137 314.01252155623484
92 141 23.469947376931177
92 143 18.663219001291598
92 144 138.21567599557727
92 149 13.17751595011927
92 160 6.3156506695335235
93 95 197.65464010195907
93 99 154.7859639469624
93 110 74.21518986873731
93 122 8.748535550032559
93 129 84.73405843356737
93 130 47.706442244562865
93 144 143.99198955011036
93 145 16.441842891138926
93 148 67.63917519446686
93 153 14.21556264012126
94 95 19.861675252258866
94 102 52.507168480811266
94 104 16.532476363193773
94 106 5.220495942904603
94 108 15.060570633394002
94 126 21.66582289048489
94 141 64.86468230975339
94 145 39.40172384370849
94 157 199.69378893900677
95 99 90.10572260325397
95 100 169.31566138962938
95 101 90.56124151172625
95 112 29.608260601640392
95 120 219.94578906309286
95 121 167.8147019653059
95 149 177.87245759543518
95 151 61.20418177445437
95 160 12.663235255311225
96 99 23.468067596052794
96 102 37.511488207828684
96 145 18.380579376077577
97 104 7.76215331068427
97 110 64.26203005079815
97 131 0.9009474364385736
97 132 54.49111775329051
97 133 104.60377015807155
97 154 30.46929958249249
97 155 14.412050266106991
97 161 8.361137126976363
98 109 113.18331978826335
98 120 313.48540887876527
98 134 6.331112136640534
98 136 17.154227764149226
98 147 202.61581406876525
98 150 59.90553325205442
98 153 24.072974953666392
99 108 156.28814827307983
99 111 181.8292967651675
99 115 50.25585183559722
99 126 33.287877932531664
99 129 68.15079631492266
100 105 74.18058357040377
100 124 72.0560501845898
100 127 102.92478914421346
100 130 90.31407898146338
100 136 27.9702553919729
100 149 0.7073795042656862
101 122 73.68044736956506
101 126 46.59546658878886
101 129 1.1690959528700138
101 140 14.815977170731088
102 115 150.80051143920264
102 126 13.609999194418533
102 130 13.438446627263733
102 142 7.9436543495823395
102 144 40.93570038276137
102 146 39.042086178093264
102 150 200.6711799172362
103 113 81.12374383197995
103 118 10.749825291766829
103 137 18.323186305106425
103 146 98.46249240467806
104 107 59.796534855863044
104 132 26.82842977537286
104 136 24.3390742671736
104 152 16.69250438609599
105 123 103.86638251523927
105 125 116.69989095328734
105 126 41.196329918501355
105 135 48.59573726888661
105 150 34.77537075716436
106 134 94.65795449689654
106 141 124.44963612242199
106 144 43.968670850649445
107 116 145.5076682629041
107 132 62.998891013221005
107 155 61.56639614172863
107 156 11.067441200739308
108 153 3.14682305118519
109 123 54.42375818478507
109 137 6.429334865855739
110 116 117.89162130380247
110 120 147.36045807566998
110 122 12.12141664381722
110 125 296.10564974390866
110 130 98.58475739184108
110 131 67.17729183183319
110 134 29.532994096914845
110 159 151.39033066464802
111 115 9.252218937890598
111 125 104.46985394058456
111 136 98.81912039417696
111 144 22.75965445397789
111 151 264.5508509825147
111 154 165.6390116010393
111 157 117.47954941417849
112 123 62.99680065128622
112 129 13.563301474949759
112 130 22.769408454815412
112 133 192.93911129269608
112 152 98.16496697263952
113 124 6.683731140429891
113 135 106.75719106151128
113 139 68.75185195788023
113 144 11.468676886380175
113 159 49.35761489359698
114 116 39.21312531436759
114 119 7.0490957833441925
114 122 75.53595639702625
114 145 42.587082964385964
114 146 10.459840558880286
114 147 34.83013236257378
114 155 151.47384012615834
115 121 145.40940957151926
115 159 19.673337662618472
116 122 42.80377804902283
116 136 164.44314160389598
116 141 45.46052448309584
116 143 37.41275140930037
116 154 14.617835129968476
117 126 48.24575778056025
117 143 6.254148426718259
117 148 6.838024137487217
117 158 11.162694402240621
118 122 49.94197887017518
118 124 22.203259597611016
118 138 45.49896526847612
118 146 124.62681424814669
118 159 1.3508322402640385
120 123 76.0190010872353
120 124 60.36059038433966
120 127 158.2440511810229
120 132 472.1262831560028
120 136 21.090335741452467
120 151 19.744460769116817
120 159 112.18293788084141
121 128 1.461052585179166
121 129 496.32388422631465
122 123 10.96607166708342
122 136 22.742354293709525
122 140 68.65096090888873
122 153 237.4629997862969
123 140 143.02064902467546
123 142 76.28152635981742
123 149 36.76536428309799
123 156 53.347931678963405
123 157 82.60390860518444
123 161 7.196536869658741
124 128 42.8823499906257
124 131 52.248962038549244
124 143 158.10042344947865
124 157 73.27856907061032
124 158 40.53198072073228
125 132 129.98936243556798
125 136 24.614830891900638
125 156 124.87777016006594
126 136 39.58146571919729
126 146 35.39207924432071
126 149 111.66377435236312
126 158 62.884154484653735
127 134 93.67150083699684
127 140 29.296969439973928
127 147 86.42036928519873
128 132 6.089072026471328
128 150 11.378831566175057
128 156 10.851604003879453
129 131 10.267334520501272
129 134 54.1956025127899
129 152 24.022921842659816
129 155 143.2434542759175
130 147 43.96540312817872
130 154 62.862210470148256
130 160 36.04609861431225
131 137 76.16073938818647
131 141 90.1105801992756
132 140 130.27359721435005
132 147 106.63826011950857
132 148 462.0254280453371
132 157 57.296696896512145
133 144 42.30343485383383
134 135 47.56464570459547
134 137 0.7023555970222883
134 153 116.70557224250268
134 155 111.95482080772953
135 141 123.68175658808711
135 157 186.68117276344483
135 158 53.19063216715789
135 161 189.2347520034834
136 140 257.85841366543474
136 153 213.0144932792303
136 156 170.3673931302632
136 161 5.905450066736417
137 151 8.106539444550162
137 156 129.59741076795535
138 156 27.276170706429337
139 143 6.956329926640776
139 149 38.35014048847264
139 155 63.18141659754257
139 157 78.69665039567917
140 142 52.93852446514605
140 149 119.32876784068588
141 149 281.78774436217867
141 157 25.704001664070734
141 160 78.82465694216566
142 144 11.707641520509366
142 150 213.95267847861373
143 148 78.65536787589241
143 149 83.93999905276988
143 151 49.25491866501849
143 156 16.11004585448379
143 157 76.88644215675404
145 148 43.592197486169226
145 154 106.69722341364206
146 149 12.659164197023943
147 156 55.18433804938951
147 161 81.88658731452846
148 150 16.27599587796585
148 158 111.51718177007633
148 161 65.87811312959926
151 157 49.96275631334576
152 158 12.66805461548167
152 161 66.61646245115396
153 154 45.21579963327677
153 156 116.45318906753977
153 157 23.072829028005803
154 155 3.6241743905729376
154 157 43.86383234873506
155 157 550.4902900744345
