0 9 141.8771383258972
0 13 82.66285407447909
0 21 1.0769266190386895
0 22 167.08472458217975
0 24 104.16888731508433
0 36 188.819128001434
0 54 24.516967641722413
0 68 44.900807385433
0 75 92.87539338480616
0 79 15.60918111831603
0 88 10.217514951545633
0 90 178.3405547792316
0 93 27.58233056890011
0 100 130.6995393625104
0 106 81.26760431940542
0 113 35.83944473659012
0 136 1.2495901376374536
0 149 100.33136767828668
0 150 176.03823155353686
1 8 83.86085934197662
1 9 16.718795648561283
1 13 33.90570498552082
1 28 45.32395129408256
1 75 266.6807784635423
1 89 8.921939008711464
1 90 139.94582678719445
1 92 71.71645987060957
1 103 37.54722501278154
1 109 65.78183632313647
1 128 135.11872919531962
2 9 126.03071700826759
2 11 137.3593323722898
2 15 45.08363920091971
2 25 16.694410872082724
2 29 35.34082926186557
2 46 6.3236350134601045
2 66 2.661436787699115
2 70 243.67552292257102
2 86 8.792256704414259
2 98 48.69579144920855
2 122 243.82845733275133
2 123 1.4559981350622715
2 126 36.18365643827061
2 132 138.37123400817438
2 144 93.8297002144587
3 7 197.88800068522525
3 10 298.2370795294563
3 28 139.52989688309117
3 34 276.5693126616881
3 39 40.89106161198693
3 45 28.77774718487923
3 51 37.02677116815234
3 93 111.48428910219639
3 99 21.344084869378467
3 103 274.8833461236281
3 123 25.148447282735624
3 124 66.29828626485931
3 127 96.33092465477918
4 5 141.4641088361256
4 25 42.8769343343393
4 35 121.59843962030304
4 38 300.1475874346641
4 40 93.453027299011
4 43 151.84593861764938
4 54 120.21934794800323
4 77 102.09318575854033
4 80 84.73902677436092
4 83 57.9630710609621
4 98 14.430147431566047
4 113 29.12064609988641
4 117 59.3604888929801
4 120 157.21245037151888
4 125 20.96740343909195
4 131 40.69594868602009
4 132 29.226181292133187
4 134 91.85170251457795
4 136 47.93219052725328
4 156 11.585574295356924
5 6 36.725976114510914
5 10 130.80612286631452
5 12 68.24965882037868
5 16 126.89800312375534
5 31 11.412897956755891
5 64 309.4537573105102
5 67 38.47712375105586
5 88 110.48791769747234
5 114 134.40561982633255
5 119 79.58574702618914
5 123 10.066377663745893
5 124 156.26905866864684
5 125 210.34848184122905
5 135 24.729809197361583
5 137 5.7945531953588
5 151 50.43271950232395
5 155 97.63380636108886
5 161 113.22462571761065
6 19 41.20684777767895
6 26 476.21498221176955
6 50 126.55035803928408
6 53 76.41702739545711
6 63 0.07878521597710493
6 74 99.26297012101222
6 79 245.85770957048751
6 87 241.4297974964523
6 88 73.50878040337652
6 98 104.26319124263932
6 100 325.0523095510977
6 104 29.75278200427902
6 111 23.28390077529698
6 113 17.841789886225122
6 124 44.58776752545537
6 130 6.084294479129966
6 133 4.32137707877354
6 134 12.304729128477629
6 152 23.671580376665958
7 12 220.1382243678478
7 19 11.13051827422503
7 31 14.224160278911251
7 34 11.766921534774326
7 44 149.52693531385492
7 49 205.90023490444165
7 61 23.044130605405844
7 80 38.72606715742984
7 88 63.293289359659475
7 108 144.1366770706299
7 114 217.60482067792407
7 126 86.4465231634036
7 127 1.694216179673706
7 131 47.48469145615517
7 146 21.05042632507455
7 149 63.005879686552326
7 161 300.66483516546333
8 11 15.029427960955555
8 21 47.36399340291071
8 24 173.9341964193916
8 35 80.69413955849097
8 39 14.085197173739752
8 44 97.10018334506813
8 53 3.3746565217902598
8 65 431.87422208965825
8 85 54.96307633417212
8 93 27.25805127476866
8 94 5.505657431666531
8 106 17.29288661372531
8 111 24.80245645261188
8 125 164.74891910216067
8 136 24.467987340679965
8 156 26.777186207055355
8 159 16.385089670880745
9 15 71.42723999642344
9 30 51.59504222049008
9 39 7.443638676379096
9 44 197.02941236577874
9 47 33.574256281763866
9 51 22.807487184036017
9 67 36.78009563634537
9 83 8.468326348299513
9 86 43.815743247486594
9 104 33.157615779238846
9 108 42.92120137270727
9 143 262.30046495113214
9 144 39.93435899197611
9 145 0.9423598962952335
9 155 4.403099407943548
9 156 179.49131764285903
10 23 167.9270709555629
10 26 78.75290684468094
10 32 43.942868864733164
10 43 161.74964549863145
10 46 28.549174112562923
10 58 5.627849811142863
10 63 222.67425092641813
10 66 58.40793078327415
10 89 14.247998535257583
10 94 34.25576226463711
10 95 97.21808871357119
10 98 41.08227253815134
10 106 14.062867315128011
10 113 125.52986501417183
10 116 39.327672164464246
10 122 11.12535585671455
10 126 27.927836834086563
10 136 153.95199637322472
10 141 3.1011461721821014
10 159 37.46540047755973
11 24 203.94128628980855
11 25 85.71852533870337
11 30 14.045209025829012
11 34 18.577245147234777
11 54 11.540815169437813
11 60 25.98250353153255
11 66 10.089105131936071
11 73 26.48830842578877
11 77 79.93821989239821
11 83 184.48328975593915
11 84 171.94812980802058
11 90 116.36216813631557
11 91 77.9556254508605
11 93 78.16652218995779
11 96 8.364331985713438
11 125 23.785903399038858
11 135 258.2103919718979
11 139 208.94113064261077
11 148 10.437970487626021
11 149 154.34150220070035
11 151 60.83846980792589
12 15 6.588390638089293
12 27 69.46927986112881
12 35 149.78762327283064
12 39 18.068224775909115
12 40 203.62554375962063
12 53 144.4074470083426
12 54 7.929181687328219
12 55 128.42242056173447
12 61 247.77233779129168
12 78 49.31011160319185
12 85 21.51761605105615
12 90 44.24128825236336
12 94 137.16432375794818
12 95 103.82031971115345
12 96 135.58648547559233
12 99 250.0723356394931
12 108 50.27383865256653
12 118 0.38723420917825907
12 123 53.401449059974176
12 136 69.91156370507959
12 139 244.6079314619228
12 152 12.389473908099438
12 153 107.74857377504931
12 157 212.4667371541797
13 14 111.01908646142026
13 15 18.29936134945888
13 19 87.02227425685749
13 29 44.47789799881526
13 33 61.52849216953125
13 41 210.78564812686335
13 55 61.817979097891026
13 75 28.204155849229597
13 80 100.61280149298057
13 90 146.3811876252021
13 94 1.9162534330504009
13 100 22.399461876028752
13 105 41.627529337355284
13 109 22.736491622717296
13 112 33.487532185406266
13 114 153.07503878921287
13 122 24.339273756641713
13 130 186.89593073134887
13 134 177.8205538683527
13 137 55.27598736480035
13 160 160.08586964219705
14 35 155.37146908664957
14 62 24.922273398222192
14 80 239.10759094144282
14 92 20.984340116204645
14 96 0.8899804464314647
14 102 25.39132940000301
14 111 70.4731555420713
14 114 73.96634828586193
14 123 87.12445076901605
14 128 121.0239683350007
14 129 68.00110994003374
14 133 27.833825315193884
14 141 102.19901563960556
14 146 68.1829174383503
14 148 3.321039798503828
14 149 7.087912750722267
14 154 6.93350630724803
15 49 133.55495826385922
15 52 17.976624839489702
15 74 42.96201346911814
15 77 27.975056484945927
15 82 24.136944071642002
15 98 68.26655098754695
15 100 34.54251737395813
15 113 17.19744866100608
15 114 11.976232344931878
15 119 8.407114892529291
15 126 119.65886803962518
15 128 44.665059325232804
15 151 19.604300395648036
16 18 5.306486736082569
16 21 82.59346482845734
16 22 39.35170787499498
16 32 4.995030846665921
16 50 17.235495630076553
16 59 42.561108231282326
16 60 8.711262283083824
16 63 59.854688795003305
16 134 101.65799344645511
16 137 181.90031956882004
16 157 22.213494400968234
16 159 53.18823427973816
17 25 171.08180311592002
17 27 67.80243790299875
17 37 17.602479051886178
17 39 98.94630600789777
17 65 248.90501115683597
17 81 48.70569502310567
17 97 182.17032073621215
17 111 770.5173722124283
17 122 10.041894959150076
17 129 14.002062011409834
17 136 128.90008362118004
17 138 84.12003530801415
17 144 5.560910327045264
17 147 2.305323616200576
18 21 25.382018087559622
18 29 217.0926631405635
18 38 3.0704883828325893
18 62 14.475718516472115
18 68 105.41474687280018
18 70 32.723455138002834
18 81 206.06067157085843
18 112 65.25360788316401
18 125 79.05459640519828
18 134 68.59514139646492
18 141 154.92928137399986
19 20 531.7726562398191
19 21 96.24707834457351
19 24 43.87184954265354
19 36 59.926750319560526
19 37 124.59413083606793
19 44 20.730752074100785
19 50 25.660388064202195
19 52 25.343985290763086
19 77 80.65942074598694
19 87 108.46054538140811
19 94 9.603383761201947
19 98 39.59825569158087
19 100 164.43149339477762
19 107 128.866414082535
19 112 38.46186487268698
19 122 30.032872624280774
19 124 77.25091314284684
19 126 128.1587310304155
19 130 132.65004610850553
19 139 55.248371988676915
19 141 125.01212236198486
19 148 150.56058770605134
19 152 6.522193273810724
19 156 229.65569618774987
19 157 53.60485826961033
20 24 339.0007892628603
20 27 139.18737315086273
20 46 2.2784657328217985
20 61 5.0967442059644785
20 63 1.285938738242723
20 68 41.89986763028362
20 75 62.32527084566532
20 89 77.77377996912702
20 92 189.43791074022423
20 115 187.3239583865173
20 116 74.7863513084427
20 131 54.45273087867418
20 133 84.61385679250657
20 142 56.43602934315755
20 144 22.42758118101803
21 39 12.04321558870449
21 41 7.171577036613266
21 45 13.162786396821522
21 55 88.21042954149843
21 78 1.5828394401236336
21 79 22.1411207290325
21 82 113.94291034734894
21 87 5.0654312202816625
21 104 7.776688547380038
21 111 19.160890363369628
21 121 69.55859028320128
21 137 25.924418059284722
21 159 48.825373271792756
22 33 86.1561472870696
22 36 22.044069471770364
22 45 125.83504154550357
22 55 49.02595894874409
22 69 198.64213246782506
22 71 41.69871717297
22 73 108.61326418079624
22 89 51.694243921232896
22 99 62.51151539098269
22 108 15.26202947675215
22 115 69.34302142690602
22 123 114.7636019277299
22 132 42.40025970603256
22 148 193.60263092257844
23 44 365.3588545730329
23 52 7.112166587087349
23 71 37.48715243144259
23 87 15.31828178149781
23 88 25.372927019555338
23 95 359.3409533498771
23 98 35.569695880937545
23 117 65.24963625562448
23 124 15.03764854953682
23 127 365.46515059313236
24 25 54.840309269361654
24 34 5.076080322579974
24 38 11.181802151109661
24 40 155.70567335495974
24 44 19.619410355760202
24 58 28.70845030212276
24 80 326.7545597846588
24 81 73.93375117240703
24 87 26.20221202490634
24 97 91.31654138489708
24 101 15.913576067798388
24 111 34.94690729585797
24 114 105.10705326255483
24 115 61.89615509248839
24 136 21.835802119951303
24 149 84.29516773357003
25 26 15.360602554240586
25 28 5.415020991046945
25 29 64.08512431638408
25 51 30.913554030011394
25 63 51.44648002417713
25 73 50.94542940322561
25 81 45.84094813383886
25 89 5.70864210388833
25 94 121.29326699181244
25 100 37.05232095895413
25 112 128.20133164634532
25 127 119.69719259421728
25 131 44.208839307743744
25 136 36.55447214735795
25 139 96.86300672262408
25 140 135.87982720452166
25 142 71.26446458947929
25 143 50.18352867571057
25 155 153.74009391163904
26 27 41.403942223463936
26 40 13.539875015268622
26 72 88.02102879809844
26 86 68.19707449666997
26 92 80.5130610427615
26 107 18.669925124518358
26 112 188.08901266051095
26 115 349.79115153244203
26 123 123.75529732630778
26 132 198.13647524832706
26 135 4.452709171354604
26 154 142.09513827192242
26 160 91.57727624123345
27 32 50.333163462567235
27 44 8.375773763483602
27 49 30.76249746839821
27 64 144.4619365456029
27 67 152.8671272317221
27 77 1.227968937445533
27 79 192.84823834753738
27 80 151.7323104879386
27 86 24.26307247567501
27 99 3.9259346597651987
27 108 33.600504537026474
27 111 28.87810831563728
27 116 234.65939169513697
27 133 111.25021003957735
28 30 62.95866367352704
28 41 39.15231484389224
28 44 5.182442111007286
28 47 27.83491485060611
28 61 1.73697083877393
28 97 22.71827373969835
28 123 17.838655669066913
28 130 58.69280214838196
28 133 87.25447896004329
28 143 63.44023739772383
29 39 53.14954053007407
29 45 60.40413126512899
29 63 6.00565928635446
29 74 5.51351265894234
29 75 146.9391124273176
29 99 19.09830693997089
29 100 28.602521497832978
29 112 0.1480645460458631
29 117 200.21784363190855
29 121 26.760512389187305
29 138 110.77135910842422
29 145 30.64098604294715
29 160 81.30672018784902
30 52 5.303164874411911
30 62 223.48565062359714
30 65 113.6904715937069
30 66 32.58475277851056
30 71 69.34129862600115
30 72 162.38713137720694
30 88 5.732541707727442
30 89 111.128291617553
30 97 132.9357065108329
30 132 92.46261582788676
30 138 68.0963430687931
30 141 74.89463245197872
30 148 56.55285845821713
31 37 73.02859042377
31 46 2.92301578186832
31 65 23.8952874064544
31 85 46.794834547150344
31 99 178.833344219996
31 125 10.044056048011855
31 135 17.915645549778397
31 154 19.02857452546186
32 40 0.4084108386596343
32 93 128.7368100070759
32 136 5.219426352158929
32 149 8.141581079083931
33 43 40.21470275288615
33 44 39.59204597160861
33 50 44.301090789111
33 52 72.24336020398438
33 80 42.35695028807817
33 84 77.34071803108951
33 126 37.91307750186843
33 144 48.72552195397454
33 150 131.46341974125977
33 153 14.304939803998353
34 54 64.0343872562274
34 57 99.07083910884816
34 69 37.72443615759254
34 75 75.38719530294465
34 83 69.92545733803595
34 99 54.6506298535557
34 100 163.55179329334757
34 108 19.495588229582207
34 134 120.06356989999635
34 157 95.92647664263748
34 159 93.83807857579167
34 161 61.759177462457345
35 41 223.56681096805522
35 51 105.77271454839938
35 55 19.349251681433422
35 63 185.98919700011092
35 67 10.55565803250732
35 88 4.837785929153855
35 97 221.8928629925611
35 141 100.58943245182576
35 145 19.90722717931137
35 149 30.419631036129566
35 154 38.21146738150061
36 74 32.77090207882275
36 86 19.473869863699402
36 88 57.77391013880022
36 94 42.834671267795954
36 99 61.228203813462834
36 108 58.57615674577849
37 64 17.85895228284638
37 72 53.327336306323254
37 77 8.626583178614398
37 91 183.62649618967407
37 92 60.90280773576811
37 103 10.195909668303095
37 124 14.617752168272801
37 125 84.89004865569449
37 144 72.62389565577196
37 154 158.4902593993452
37 155 85.63148355176743
37 157 41.56533394354292
37 160 108.94015987837639
38 42 2.236982338226922
38 75 42.45831022049455
38 100 41.29243082020258
38 140 76.2835455371017
38 155 45.61304732583595
39 63 16.492198753700503
39 67 326.6311477309982
39 71 13.565765343255238
39 73 154.8760119724295
39 80 9.110004584458071
39 81 45.7898197864273
39 89 427.96871356689394
39 104 141.02204144348391
39 106 14.069623482752302
39 151 21.300863661231045
40 43 102.22027309775811
40 52 1.4371571833204588
40 58 156.44121108498868
40 101 17.889272420648236
40 126 3.4761649267018413
40 127 37.590252156694696
40 130 141.17970185963867
40 139 114.50362119825813
40 143 57.76450039041743
40 145 137.59879710466723
40 146 30.04170640735778
40 158 18.574613782409475
41 43 144.24302025508618
41 44 20.30377695793687
41 62 317.3499304253526
41 68 154.68770705956075
41 75 210.41967490150233
41 126 31.558191068241765
41 128 34.082528061604584
42 47 130.63021611526676
42 59 15.842385385631282
42 63 466.00453871747317
42 72 9.406961046875539
42 81 21.553921747840278
42 86 195.53746527710496
42 111 1.3807528557039943
42 123 187.48710399763343
42 147 297.04441137705265
42 148 35.66360877697506
42 149 270.53449800570354
43 49 62.63874274042958
43 61 42.117729387334485
43 68 492.354315489105
43 104 47.543643622918665
43 112 128.76856782634218
43 116 38.11944471478411
43 121 11.626070111261374
43 131 168.37891446224708
43 137 93.56385014979821
43 148 103.0195671480417
43 152 31.652518763134125
43 154 110.57155504683662
43 155 94.88368219057001
44 45 96.33653873703528
44 48 140.5541444719184
44 50 21.21866404863668
44 66 95.28315676927674
44 67 23.110177387397712
44 68 4.390674465384965
44 73 67.18257927187976
44 77 69.65240983848453
44 79 1.9773862263412632
44 84 151.4870566902193
44 86 51.39485646258917
44 87 148.27362605566628
44 95 129.33934667968848
44 101 13.909096670780789
44 106 81.41976344923985
44 111 17.734145187528444
44 115 14.76984140961906
44 120 48.95910073077344
44 131 45.501908620226374
44 132 33.241051779145174
44 139 23.698586582504777
44 141 11.518671942769164
44 142 11.085516420178994
44 158 15.419813364914573
45 51 70.39096853717996
45 60 23.019893910423143
45 66 12.225545464470638
45 106 31.978778479836837
45 111 69.63952955577552
45 116 130.11901021724842
45 144 195.10104355417755
45 149 152.31713115117196
45 154 303.5273376564033
45 156 122.41084226893355
46 48 6.181905353388871
46 60 99.97293573018044
46 66 77.32398990821092
46 92 62.72464381771216
46 99 36.00989421202569
46 129 61.56915185403991
46 131 96.67672898535048
46 132 57.23940392392102
46 153 23.038258621895142
46 154 84.07521346157695
46 160 1.1035410412804874
47 71 52.174912889669955
47 89 75.59663156514632
47 92 4.615944937426053
47 112 14.972540922794623
47 125 72.7965233927016
47 151 24.524588368991502
48 51 187.48608939241774
48 53 95.17698648034732
48 54 12.50370357033451
48 57 20.17266031944763
48 61 47.8180244943715
48 82 70.90171962734561
48 87 56.122008810328104
48 95 80.28782073326369
48 136 28.654671242216693
48 150 162.89774064043579
48 151 49.223663025742674
48 161 116.00575095368725
49 52 72.69571178013014
49 68 127.27781916927795
49 70 127.63623073720223
49 73 66.06278581177742
49 92 18.858869522305163
49 124 76.28485114035747
49 126 141.86167818476534
49 141 28.381510655210835
49 149 14.763612449730081
49 153 39.4526324936648
49 154 12.953348015950718
49 156 24.098806375354627
50 55 82.5730318895522
50 69 31.429582617635713
50 94 69.71199864154354
50 153 6.055237089722027
51 52 18.95760199367221
51 60 29.664840497787868
51 69 179.8184523981204
51 83 7.532223970144037
51 89 85.86592387184363
51 93 95.56799737764621
51 98 54.45787511670984
51 109 82.73047573963125
51 112 58.81197972720671
51 113 12.548839632481062
51 116 142.56598986282464
51 122 37.90004000938425
51 124 101.304486650361
51 132 37.657526432850545
51 148 123.00123063637241
52 55 12.065743245306674
52 57 90.71219355459553
52 74 27.64087530130015
52 86 7.489488583774206
52 134 222.91587552935277
52 152 3.080579084431697
53 77 144.90903605542638
53 120 130.70751986942264
53 131 48.503064941653165
53 138 8.843731057266233
53 149 171.47915129006958
54 57 10.784464644813205
54 71 299.529039629359
54 73 146.76553475795538
54 81 18.248182278566773
54 91 3.6334786063121665
54 115 214.11668546548412
54 146 3.7830188424680338
55 57 27.947922021253632
55 64 122.650977375955
55 88 25.051437904690452
55 90 27.210546713583394
55 97 151.74920363134098
55 99 155.63870443015117
55 111 200.82539704144904
55 112 94.72097224764967
55 116 104.60984519092864
55 128 0.2865909731066936
55 131 25.7513559413446
55 144 0.26004322519205575
55 145 22.542409527181768
55 146 32.893753571985464
55 160 228.7330102880203
55 161 35.55660581750305
56 57 44.85447635705302
56 63 47.58488202665354
56 77 96.91755254252827
56 82 60.63841699457173
56 107 212.63073438105513
56 121 127.33645838363415
56 123 34.03303203559339
56 126 13.842852843878019
56 133 20.048802052157185
56 135 183.55028264971384
56 155 7.190547493738105
57 60 15.965762590855011
57 72 63.14476069271581
57 93 204.71683249791994
57 101 36.039365088861736
57 102 60.197045827052555
57 104 29.56938456560991
57 110 230.35818000356258
57 127 69.22343099036829
57 145 43.443439509779054
57 154 70.78408768920143
58 94 52.25213456890933
58 111 38.529330754999236
58 123 84.28605575631957
58 139 111.37452586244851
59 66 47.892961637504115
59 74 15.779601097909731
59 107 415.2205718896566
59 109 105.74190700961462
59 132 128.76495577436856
59 141 131.78576838591468
59 147 46.93102770133287
59 154 147.09494786526102
59 155 27.449753937183633
59 158 381.361825584862
60 61 31.61746546745069
60 74 150.24791480629497
60 84 185.14911570367295
60 95 67.37739802958413
60 98 108.35199988942902
60 112 43.9864239890548
60 122 33.17749650431711
60 123 2.312356673046552
60 129 48.43927428884702
60 132 74.04796391921708
60 154 27.178152344409646
61 63 111.38781783469717
61 65 26.13172833631295
61 68 25.031163010334044
61 72 21.02714726202775
61 84 18.124125268451106
61 89 10.00478271011936
61 91 17.401180819233073
61 111 1.2729152919253512
61 113 16.82994154743987
61 140 12.86670963245926
61 141 7.643299147959889
61 157 44.664800064472516
62 64 15.991632132173983
62 71 163.2041795862199
62 81 9.000316435793266
62 92 24.27481413639702
62 102 213.52894910497307
62 104 5.797078944630237
62 130 88.80736080540532
62 135 285.69038650501693
62 137 172.43410398248406
62 155 6.495000296839396
62 159 3.0087717345570364
63 71 56.74823080476481
63 84 22.062297436027023
63 88 117.19018703285785
63 99 6.134363196039201
63 105 24.884681804522483
63 110 15.2324470611329
63 114 119.41888743143438
63 121 131.58408064560254
63 144 29.218531667099217
63 151 31.801093830527485
64 70 329.12415821505806
64 88 12.38750376534995
64 94 159.6208679943758
64 98 54.90682357307369
64 119 19.468670763380313
64 122 102.57826739491112
64 126 53.34616382054432
64 130 142.09581045180485
64 132 133.62377960153893
64 149 39.53093998340542
64 157 22.95265699366892
65 81 568.1233384544576
65 97 133.23503474339802
65 106 100.68957379501579
65 118 3.713347121757644
65 122 223.09858048718775
65 124 10.17792261705595
65 135 110.04167700423214
66 92 31.850208126131985
66 94 115.40428499510415
66 97 45.510507217038274
66 116 11.727837431989615
66 136 75.74208908583577
66 139 38.81695907531816
66 149 245.98491629015
66 152 17.18177684856794
66 154 26.316024911453226
67 70 55.69441122513638
67 72 118.10160725638364
67 73 395.7104400926701
67 74 226.83111711610013
67 75 36.11675359620821
67 78 6.8367733143170595
67 81 3.794718295053088
67 85 5.253316157504407
67 87 61.08692299125727
67 100 6.772180726068069
67 103 17.616692890162476
67 104 33.43359271255263
67 110 71.12282056295089
67 134 38.42339669081043
67 142 96.35938825902429
67 144 57.67493402188904
67 155 329.5619428062431
67 157 158.25247604820632
67 161 124.77051421715082
68 80 332.73020206478736
68 84 106.58055076779688
68 85 77.5587555973101
68 88 26.322258880375752
68 104 31.127443670607192
68 105 67.55899322849923
68 126 1.9869496024047868
68 129 493.436024358688
68 130 99.33489647697162
68 135 23.604989411670605
68 159 250.86904910434163
69 76 232.9867634673615
69 96 258.5622229453845
69 124 71.6742061027798
69 130 121.41474207199458
69 148 27.80589465972336
70 84 4.820679775621316
70 88 74.10329728556427
70 89 137.90853148775486
70 104 74.45164509959623
70 154 5.689487140094158
70 157 21.885970380833612
71 72 288.46590403977643
71 74 29.489286539218604
71 91 104.21822189263067
71 102 23.5324867844541
71 114 16.766162685189393
71 115 168.24126342625394
71 116 5.468000040089607
71 135 23.233912721277843
71 141 92.32791518850607
71 144 13.226535572221884
71 160 14.091962623039029
72 90 25.44395333617491
72 120 36.22215597728347
72 146 165.3723521503382
72 151 24.350325055786858
72 155 141.03786647602013
73 87 75.10263686884326
73 123 33.640465258860914
73 131 59.5900050042772
73 136 62.38531670498893
73 150 184.45082132203814
74 90 63.156035161325015
74 121 53.39953583972549
74 136 65.11880671526681
74 145 7.609752916361057
74 150 101.71025260490526
74 153 40.4091740730844
74 156 43.95871707697928
75 78 35.367673791576635
75 99 50.15760639878222
75 102 110.97542386541168
75 105 21.106695019633975
75 106 106.6474960437243
75 120 24.701589296418636
76 128 122.81296716749114
77 82 118.87362187042994
77 98 85.81509209232718
77 101 10.391359127971851
77 115 224.450380063177
77 117 22.90640167039183
77 122 6.3940892517209935
77 133 0.3511597442535902
77 135 98.82462568784044
77 137 11.529296215622535
77 154 0.19577125965470743
78 110 226.82313017229922
78 116 20.270816316342227
78 133 13.73593377193321
78 137 176.28738399691485
78 139 16.452374239743104
78 141 59.19288415746949
78 145 34.064931715917616
78 154 136.4184639724913
79 81 4.100774583957711
79 98 271.716064542868
79 118 110.85938123444424
79 122 99.99112989068688
79 129 2.5398280727933384
79 139 71.18554597810733
79 143 61.34263283327659
79 154 50.37286207762122
79 157 254.90324211342272
80 82 7.054055062098
80 89 218.96852767998269
80 91 509.0729615915187
80 92 82.15775062693288
80 103 37.29114649722756
80 108 103.19082066328255
80 116 2.6323178703197825
80 119 88.03584135526371
80 123 97.70207864865598
80 127 38.82075574987749
80 129 133.47568355291602
80 140 8.632201672759182
81 86 8.716660526935678
81 93 82.4885755507748
81 100 70.36075924570137
81 108 6.837249658934486
81 115 1.1178872791238208
81 136 1.1978238010512416
82 87 6.598745696673684
82 89 95.19555698561275
82 99 101.94699085821604
82 103 51.492363889802654
82 104 51.95486188509492
82 114 358.0981501131556
82 121 43.52053412656482
82 123 14.030075114164775
82 125 0.5476110680876737
82 128 47.735089311130885
82 132 4.810766813108312
82 156 7.746974188846548
83 85 11.144561188807124
83 89 83.86487364514589
83 92 7.8560095771282
83 93 98.42107993023025
83 105 5.510973694673061
83 109 65.1809231314728
83 116 3.8803035320968773
83 119 61.61737877388451
83 120 14.472749770269
83 124 43.10382015048336
83 125 221.68961392985412
83 131 30.03262800830236
83 151 0.5877255838425974
83 155 161.17935009056535
84 86 41.25665895419882
84 87 18.994950154237888
84 91 3.0662628570467483
84 103 261.9232958649603
84 104 287.1354698814249
84 108 38.30588220950504
84 110 254.43179343670138
84 114 28.187863862112945
84 128 73.63607690606104
84 129 210.1802339063874
84 157 274.8069807640987
85 89 28.937508672620666
85 91 225.95884483152633
85 92 54.810404399840934
85 99 32.029087197259614
85 116 36.83473594868879
85 152 2.1651438963808713
85 155 67.10620643866676
86 87 15.931839892446282
86 89 151.8961440533552
86 129 34.70703613756023
86 139 72.0238423485029
86 150 38.85357720497666
86 153 153.4377263377963
86 159 104.42255783480334
87 123 79.24762919398076
87 136 15.819729416001572
87 141 91.48413066412196
87 154 4.000911067868855
88 112 182.99906655783548
88 118 51.02331161150887
88 136 5.764186843873562
88 142 150.1042473298423
88 143 17.996597161072515
88 156 142.73794386230225
88 157 160.98338203912985
88 161 14.97105947364397
89 98 76.15488307990779
89 102 120.18092321030406
89 112 158.65583125192794
89 122 18.43519907207641
89 123 205.73086848836928
89 124 199.8243507007236
89 149 64.8622121983827
89 154 39.724054487059
89 157 76.96355089448728
90 93 149.74943493058382
90 106 232.73207148694016
90 110 101.39039258548597
90 116 60.033933697264494
90 135 212.95876775285632
90 139 204.24341867595732
90 144 39.0074986046402
91 92 37.11113504321977
91 95 483.5107026156895
91 111 330.4740767819062
91 116 16.48177479440826
91 121 127.62118568176707
91 123 14.225490268347261
91 131 6.120337850081281
91 134 175.4692745301942
91 137 214.06324186955948
91 149 131.2637298999551
92 101 125.08173577639927
92 103 56.62799684205446
92 114 0.132250422932162
92 117 5.140851628542147
92 118 74.99767716639022
92 138 71.18373090303164
92 139 27.464713646425906
92 161 2.3840716184961828
93 104 388.8689170760997
93 121 37.03486309620695
93 123 10.898693022546892
93 130 88.99065519409807
93 135 142.56031863454822
93 142 238.15028807155252
93 151 45.81868235940928
93 152 35.78571739910647
93 161 290.3561299183016
94 97 156.2942204987925
94 103 6.763516367461303
94 111 25.79553164738704
94 120 92.09773042478112
94 122 89.11282308609698
94 123 23.074857070442043
94 126 10.444600695457591
94 130 14.824428330694658
94 132 24.18219147780113
94 151 21.349835836265836
95 99 23.485836492755652
95 101 11.037491958675883
95 104 43.34868212998737
95 108 83.40465045355539
95 111 124.01027906712025
95 112 203.43678596642997
95 119 3.9647904031641854
95 126 184.52439451640043
95 134 32.10814344657451
95 161 25.33310960249497
96 101 55.48282005964522
96 115 6.342133060933648
97 115 140.21953853588613
97 120 121.85370230492467
97 124 157.5029154905981
97 138 80.10787311232353
97 143 28.76439022688133
97 148 80.5090517714586
97 159 26.06894608058347
97 161 53.86668560506992
98 109 117.41707566230772
98 115 14.651585002348678
98 123 3.7683053651277763
98 144 27.22604137138078
98 150 99.65982261664325
98 151 127.48421992241822
98 153 49.44705641129857
99 112 34.27240039497963
99 140 2.604724177613837
99 142 103.63663166891789
99 147 210.47494675383638
99 156 23.773441023838483
100 111 111.00533335230973
100 137 157.57173746236492
100 141 165.5040909476183
100 150 1.0827112294597079
101 105 126.45690339495478
101 108 62.28364057201877
101 128 1.584302659355616
101 137 108.82894923600458
101 153 29.972733075064244
102 113 13.301366552356905
102 114 112.1717576273526
102 131 20.117343438385646
102 150 72.32671928826105
102 154 79.73481628451836
103 106 62.44697237991818
103 108 61.123808926611176
103 117 182.73929877850762
103 126 10.240604877286781
103 135 148.72537390981776
103 136 324.0504358883996
103 141 118.08491605796807
103 144 204.84568718075633
103 151 44.61885180672528
103 153 21.501428460708198
103 160 64.26628971688551
104 114 117.35511232429937
104 120 2.571680598058097
104 131 99.55298484363372
104 137 56.265711224079666
104 143 26.105021979746756
104 153 81.46855951203489
105 113 144.50184232945367
105 122 34.64386764120898
105 126 37.74880127869039
105 131 11.854127589180974
105 141 57.78400405079519
105 148 47.4360703209983
105 150 22.203323358989895
107 113 36.264921659432105
107 151 137.16121625980344
107 161 50.37993483914151
108 119 4.438770481850212
108 126 91.97800509655983
108 133 286.68999428856495
108 151 73.90303314920932
108 154 14.93137438868137
109 123 22.67650586925249
109 150 14.849332184078383
110 117 23.82867532324137
110 130 66.17650309267874
110 131 47.35798296142964
110 139 90.71272277187344
110 145 339.28151048692996
111 114 72.8402181967349
111 116 283.844536270247
111 117 79.8265005063345
111 125 17.82064900814582
111 134 251.23039131443392
111 142 58.13271692629897
111 151 42.287557391214534
112 123 17.241622068047867
112 125 58.91538573726015
112 132 86.14194474801681
112 135 2.9271290188740187
112 137 148.91137293996758
112 140 5.741379021489929
112 153 4.180861878945358
112 154 128.7163593271626
113 115 34.06600585110894
113 123 9.78572075501973
113 139 12.462958879994847
114 136 70.25501218961388
114 153 21.015921012820062
114 157 85.94371880099837
114 161 17.807330397039124
115 140 184.7157677814782
115 149 132.40397084800242
116 125 0.33311760584830863
116 127 46.934204077425385
116 134 46.64742866042051
116 135 45.39759972123992
116 142 3.399287016101645
116 145 106.06758639973052
116 148 16.988057863696422
116 157 67.03146289554292
117 123 69.84193725894062
117 125 47.727084163535075
117 131 100.4871790785238
117 134 199.2069822039313
117 135 105.32288125627565
117 152 26.337332177494236
118 128 45.5575075700456
118 131 244.732258171713
118 144 326.55357336750745
118 145 88.46034278066095
119 126 36.03573856252865
119 130 146.79336824629976
119 160 3.9807078789576242
120 133 188.41338967032377
120 134 78.07777989800458
120 142 122.2856042784398
120 145 151.01261725544944
120 146 10.52728979660833
120 156 19.489007869076055
121 131 3.9021951148220375
121 149 43.71824819426537
122 123 55.165734379103526
122 124 56.49064545531414
122 133 105.10374380423487
122 137 2.6358668066508812
122 140 2.393257926128257
122 143 4.228190336260184
122 145 138.6582336948165
123 128 32.68260037702568
123 144 2.9561154597994217
123 149 231.09679633294328
123 152 30.937379021877028
124 156 84.84617543357567
125 126 533.3093428121019
126 136 134.177206669897
126 143 39.40500655769981
126 144 23.06594021447973
127 129 146.32231025849114
127 146 40.909767232197346
127 153 1.4973245966703614
127 154 4.8880280492875725
128 143 168.60885362874774
128 157 95.38227614096024
128 161 103.87935713348848
129 131 84.54347134544112
129 136 34.05840829954205
129 137 73.901357962098
129 160 153.47938162875593
130 131 4.2542191039003034
130 136 36.2771199157315
130 146 3.264501456669573
130 150 97.47424876987822
131 133 70.19260077588004
131 135 156.30401466937008
131 143 37.0636206211317
131 153 33.3368781186595
132 136 160.68571886546894
132 145 250.07500924313356
132 149 34.38164665627864
132 157 134.16033684247884
132 159 34.52256880392318
133 134 16.740468279890667
133 149 10.157235157284
133 151 6.201122493782992
133 161 329.26199164113166
134 135 25.672534918212843
135 138 43.50089429261965
135 148 14.543703884439173
135 161 101.59467416330006
136 137 44.9911852865373
136 142 246.7796089781446
136 143 68.8394854869277
136 144 9.719259782865905
136 149 33.90751835845675
136 153 0.4128322141399246
136 155 48.10567009114045
136 161 13.884778080762672
137 139 22.81120098866336
139 142 5.866484846872937
139 147 13.069283153233021
140 141 135.19243801937824
140 154 112.92239863201503
141 146 4.904196871473153
141 148 45.250057384826576
141 153 7.681695222290604
142 153 0.21834680091259678
143 153 3.3253526999245198
144 149 79.62601496235398
144 160 61.79389111817017
145 149 81.0824353584077
145 150 24.15972186716842
145 157 14.577851775143676
145 159 292.2564784031846
146 150 60.73005330445614
147 155 71.92107953912003
147 158 218.3239803512694
148 154 46.18971182845303
149 153 2.8506975858755905
149 159 221.12882130913007
150 151 323.2268347431247
150 152 17.29705072063743
150 161 40.057991009128806
151 154 112.58187192625162
151 157 151.6478588809068
152 159 77.75662505401561
154 159 121.85817373239378
