0 14 48.83190826930066
0 43 6.931460886712362
0 50 2.4640120436852566
0 51 60.515664712097546
0 55 23.11242446798376
0 71 133.91579420341813
0 79 68.5355937514856
0 89 71.17910339621918
0 93 170.23269616455988
0 100 7.579567719664823
0 109 123.14209950147796
0 116 131.32647381532354
0 124 64.65364710848957
0 141 113.31649949470916
0 160 389.0392753307052
1 2 23.317719141295193
1 12 16.275964917158518
1 14 21.316492083172335
1 27 31.42751259866295
1 52 50.92690661523574
1 54 108.89277095875934
1 55 184.18052058426784
1 57 71.6895581908553
1 60 61.63096039928043
1 91 49.12667068015727
1 101 145.42304574766425
1 108 97.82901542775393
1 114 4.656384100582223
1 120 112.8542756202389
1 145 201.07935653066986
1 149 202.99727654343783
1 154 247.41097374756424
2 12 87.36633344069324
2 19 69.2022106775414
2 27 8.79068546454405
2 59 82.1930335883687
2 60 69.76904549037287
2 64 94.37300858769545
2 73 20.083719453880814
2 80 28.919135212558082
2 85 43.53329174701988
2 100 15.937678800538777
2 129 10.237553676722797
2 139 91.35541255448443
2 149 46.11798427705118
3 14 13.161642048815242
3 44 142.03899171130573
3 45 268.6248226170237
3 48 45.430371382909534
3 65 108.37972198260493
3 68 86.3198174966173
3 95 30.3480114201071
3 107 263.5481235296227
3 111 43.001049640825926
3 123 28.16908968060237
3 126 23.64763663530588
3 136 60.090981902294196
3 145 74.34871168472603
4 10 31.1138536202631
4 11 50.4895940602746
4 19 199.34798494936064
4 38 64.39502598193987
4 43 533.2164851410395
4 57 32.828529423292515
4 89 128.59428842885924
4 98 67.00876918479634
4 103 47.56482494819536
4 119 11.385897781865838
4 135 97.31467979044716
4 136 21.957518708605537
5 11 87.2031749454529
5 19 128.2478020579157
5 27 101.3422109735518
5 35 181.4343281027259
5 40 18.379115260846582
5 44 25.508734482486997
5 46 88.41993343291625
5 48 34.06616662719972
5 49 83.2347867630325
5 54 4.477934297017938
5 82 12.89772069726547
5 92 223.28571571481535
5 98 56.193598847649355
5 107 128.48417556802315
5 113 2.4777728046655745
5 115 58.71354140819311
5 117 35.88453223562628
5 128 16.261123741934806
5 132 163.61079287596658
5 149 33.35436573211826
5 154 18.941860854037543
5 155 35.934700177994166
6 10 4.935212381196205
6 27 15.647419514008117
6 35 10.755669564980826
6 38 272.97691331730647
6 60 5.920209619395419
6 61 40.38199729374191
6 81 119.25663832438006
6 97 437.69937547780177
6 98 57.81116936052984
6 102 15.079276098043275
6 104 0.09446791403759792
6 120 284.57932635921696
6 130 19.461750085235135
6 156 144.40323468322921
7 11 55.13274515154573
7 14 160.3262826908574
7 29 23.328872395272164
7 37 54.94199858685948
7 56 79.4452197323658
7 63 91.6069495551508
7 67 133.89654566370604
7 80 27.129160970240395
7 89 87.00740101300063
7 91 67.75445530172277
7 102 223.09490775189576
7 109 372.31819124293327
7 135 45.43216905219665
7 136 133.11531641412657
7 151 360.424093284486
7 160 37.87024917761321
8 24 169.9496999238233
8 42 124.7579233231664
8 60 3.2750869349222973
8 103 2.7160661115508646
8 108 142.11998723321756
8 126 193.45890185887166
8 130 101.48469964069017
8 132 304.9463647110302
8 134 103.11107205985421
8 137 22.076346485783816
8 149 92.91073259275831
8 151 58.24350482589371
8 152 3.314029161307288
9 45 173.8781343552116
9 55 95.68166734928677
9 80 4.54831750845205
9 86 49.381259362984814
9 88 96.65912628652043
9 105 35.362129900287
9 109 96.93560972230101
9 111 112.73955760388782
9 121 43.9513052079168
9 132 30.310944490235602
9 148 29.409380604172668
9 153 37.166721641790815
10 24 0.7810797446748217
10 30 434.2252203048492
10 31 35.019893873496876
10 41 75.8627588458718
10 61 17.797015374238672
10 63 235.3672367268575
10 64 90.18591648251731
10 66 23.278503646025317
10 99 71.56491641887366
10 104 82.60119051255879
10 111 17.831560071858725
10 122 107.6008492570833
11 14 34.082811443795826
11 20 88.71734263724117
11 28 40.11522674869481
11 31 77.5739002831625
11 40 124.36649667796871
11 41 47.714643868625515
11 42 34.16886322662951
11 44 29.778595833630714
11 47 15.008035671523713
11 64 6.551252212458448
11 69 105.1906690100162
11 80 67.38952004226759
11 88 42.27168781896381
11 109 19.495613153825456
11 115 130.93391852910537
11 122 19.643517769951192
11 123 18.248524752453413
11 124 18.454488961278418
11 130 20.80230668840516
11 133 32.09858110441787
11 150 65.78928667375266
11 151 10.054885168006134
11 154 15.858996060257384
11 156 7.42530273943212
11 157 34.48207828308451
11 159 0.8297868686489239
12 21 4.548186351884086
12 23 266.95037288608916
12 25 185.6090000564973
12 44 86.14037091965817
12 51 98.4720570103647
12 54 27.428538796107574
12 57 229.37792495378912
12 60 8.125393998868946
12 66 209.53171011425306
12 74 56.89376590092299
12 79 246.66645926614626
12 81 99.09456843412488
12 88 21.448897880113563
12 103 104.69994057156849
12 113 106.58476513517921
12 144 7.9265120607156945
13 25 24.892184373542324
13 36 11.659921011538605
13 40 31.94379310722839
13 45 152.13928323639544
13 55 1.2461845468324309
13 58 72.83336771074927
13 68 24.840947602274266
13 70 29.066246978214043
13 72 21.080232566362678
13 78 2.963079512073148
13 103 64.6172888064037
13 105 175.28076021704658
13 117 20.303305528212224
13 121 405.4756599774513
13 139 332.6291001291236
13 147 73.20217589398075
13 149 96.24025847956791
14 22 91.35008572805683
14 44 29.48798300634426
14 54 27.258463703426482
14 55 301.7425356471926
14 65 6.542406522102034
14 78 4.557800380491846
14 81 241.19583890083143
14 86 31.35427468790601
14 89 6.977559475907094
14 95 19.630376687977368
14 128 42.42246067620861
14 138 35.03291025336649
14 153 2.333203558281492
14 156 86.08336112334699
15 16 25.88792537199561
15 20 22.164351255194486
15 67 63.95188857330006
15 68 0.9639536825806464
15 80 27.30702702595895
15 91 75.97729514467258
15 113 26.04317629203053
15 135 30.392303707521883
15 137 21.491186327027474
16 22 142.68942404582646
16 32 52.28841777063672
16 33 0.4549218992364881
16 37 21.157690805895985
16 39 65.03174893665704
16 47 98.39543599858428
16 66 1.4669955318684667
16 73 93.97742335375433
16 114 27.3671251125365
16 122 59.512742478352415
16 139 4.993791065700157
16 144 46.11742682162417
16 156 30.826033965657192
17 25 147.93693399327304
17 47 69.60767236375325
17 100 331.9898840483695
17 103 117.63786303334119
17 114 58.731744684427696
17 122 120.7645658564087
17 129 23.660395403928817
18 40 198.6404107873099
18 46 14.17623919443054
18 55 103.72364550078774
18 65 208.84163466861966
18 76 40.26022853083458
18 78 62.26150272510748
18 83 12.435673216157632
18 84 193.9757250783745
18 90 212.60219261857864
18 91 230.6644217778337
18 118 80.53434876261925
18 120 17.205319408708892
18 123 66.8592242439752
18 131 35.293855923636976
18 141 99.23283300802989
18 149 22.415928723849326
19 31 82.80850750245072
19 36 77.63040936836693
19 51 67.51920096910247
19 53 191.56726915841523
19 65 1.3774299925869522
19 66 23.503191276953622
19 72 136.73004400782926
19 75 21.735159463108573
19 90 63.44315716460439
19 94 5.262761002648752
19 99 120.36431645259404
19 113 41.90536052247986
19 114 251.18696576941463
19 128 25.9548133077636
19 130 107.96385031072747
19 147 11.74671011411888
19 150 41.12542082402294
19 154 53.00499889686547
20 30 335.99353213001854
20 45 30.592914180281955
20 57 158.3986839176885
20 60 139.97844248878008
20 61 91.53868475705356
20 68 65.58581614206396
20 74 28.344130597877754
20 75 517.1011826241304
20 79 572.1922189787977
20 81 1.4269655469874225
20 92 38.03120023328885
20 93 9.257049799835587
20 102 215.5329182561418
20 104 6.687260063957324
20 118 60.162174600366974
20 144 85.0138681623855
20 148 44.92947806412215
21 27 0.4209740944418216
21 39 24.78606941761964
21 54 2.5636247397444496
21 60 36.21400793818559
21 65 6.283419046823526
21 69 54.85078115572217
21 71 28.67170904908073
21 77 74.28142212029115
21 85 39.490041752128164
21 88 39.926843170261
21 103 30.203582395002375
21 137 24.240115528013387
21 143 86.47885313878604
21 151 108.05508045937336
21 154 20.067357814217402
21 157 111.73950584493106
21 161 96.39865228397652
22 39 14.621607767292621
22 69 83.9553554699445
22 74 125.09187821395453
22 86 44.955530367720804
22 87 25.321529753137796
22 89 10.874981011235967
22 93 38.959772123438526
22 94 12.351285697513754
22 99 73.2655686258457
22 103 106.76768266873151
22 110 89.58608455855986
22 112 11.148496055355931
22 123 24.776101735573658
22 141 33.27211464820203
22 144 45.91423443290867
23 30 202.43009529979338
23 32 70.93246082139734
23 63 81.93668631217234
23 82 50.65069766917854
23 87 18.999183952771144
23 105 22.067900316658367
23 121 167.31480896412924
23 144 10.915220085540001
23 145 5.2825482269738675
23 149 112.04596653463335
23 150 597.4133921826548
23 154 37.69560919490064
24 34 53.364061264427306
24 35 72.38508053599749
24 38 46.03506639933806
24 55 39.770512739699036
24 64 109.57997212882029
24 84 103.3833379773588
24 134 65.67019901839454
24 137 23.46542339785443
24 144 40.31249878975724
24 146 66.44405100521644
24 147 199.86599615250796
24 155 77.31331375879707
24 160 366.0726310180245
25 29 21.843024299535564
25 43 146.17696070342527
25 46 27.08207278186325
25 50 256.48319928207155
25 55 20.511093043297453
25 61 8.933291142234165
25 64 53.87141725922649
25 81 58.48638553763277
25 91 29.259352558829455
25 93 80.36015363726354
25 99 106.0390046591265
25 114 7.4967544577595335
25 129 21.225653531768952
25 132 120.34719496321584
25 156 132.56570711626054
26 43 149.55100967765236
26 45 81.70965007848096
26 46 70.21753642679455
26 48 75.87930168054251
26 65 18.21430165380994
26 96 92.91812962785549
26 105 22.45034222507616
26 112 15.602383704340724
26 122 193.7725293333776
26 143 142.98690502474886
26 146 115.23179774799037
26 147 78.24253669204758
26 148 54.09261941727639
26 149 25.600316375910253
26 160 24.416443398886038
27 41 75.46645613420428
27 45 29.523209303102234
27 55 35.34236391540488
27 57 34.87940827027005
27 76 177.60249626785946
27 81 11.466856402521087
27 82 114.03856884244627
27 104 167.40860894253848
27 106 117.12268285639621
27 141 71.38642329640311
27 146 87.84337712371523
27 153 66.07524958153014
27 159 159.0964492580791
28 131 7.544875272543309
28 134 0.45309783328647324
28 157 36.681674907241586
29 34 116.59103446029093
29 40 77.31907810950295
29 45 155.4768146381993
29 48 81.85343231133261
29 63 92.22679689848952
29 68 469.14824574866935
29 75 23.511248282709516
29 81 4.556666000346698
29 91 100.70591379861874
29 109 234.51779735114908
29 111 221.2649025942408
29 131 3.570372431440656
29 134 72.99999675919506
29 135 185.59647756956838
29 144 55.232625326370794
29 150 15.827392993540691
30 47 31.289611285573205
30 53 20.403975281424632
30 58 91.47531529115084
30 60 16.665780251947382
30 63 62.05919089729553
30 66 250.6602082393388
30 97 7.156572278861264
30 103 36.46550163768833
30 114 21.699332038464654
30 118 105.09659493533489
30 126 129.54742901520387
30 145 125.37545048009177
30 146 282.708624056937
30 148 135.6919707507276
30 150 364.0850690963995
30 151 205.64288624800352
31 45 11.797215565805674
31 60 11.476442174056757
31 61 59.50353537899317
31 68 102.75106654623237
31 74 23.14479893000086
31 103 286.9726080039947
32 41 37.52262383789013
32 43 13.695601897063222
32 54 62.54823613108893
32 63 192.84990982542672
32 74 5.085613630169251
32 91 8.487214211247439
32 99 69.07031533999925
32 112 2.4234189848692123
32 113 294.4909087533332
32 120 155.94212610649774
32 125 54.17726977425155
32 137 39.311757142229155
32 152 28.134033845888847
33 37 49.95135641282616
33 53 82.95347920251997
33 77 119.39350082498682
33 91 176.07580399017735
33 94 22.779236161206867
33 100 83.92465202300728
33 112 198.26809889555125
33 120 18.81784310774665
33 123 64.86103511596586
33 130 37.5614135286263
33 149 118.90604412878551
34 41 80.33844474159636
34 43 242.1487771060273
34 46 33.10931834303924
34 49 0.8684826703427562
34 84 69.65228126445616
34 97 113.93298273261472
34 104 72.0507905691078
34 120 427.2772392046781
34 121 254.3466308737639
34 126 77.34567054959808
34 127 5.355888883247139
34 128 40.97911753038105
34 131 36.23810437362933
34 149 19.096748183693702
34 155 10.89857247727763
34 161 30.532823885227906
35 73 40.943829860616674
35 83 135.83443214437173
35 92 23.799267334490214
35 93 22.051724604232817
35 103 27.645056582761615
35 120 9.192348669842685
35 127 127.71211226367816
35 131 8.332077244433698
35 137 33.04411720564334
35 158 83.82863367263971
36 41 11.426597188391252
36 43 20.48803634137711
36 45 1.7530175788347122
36 47 17.188620339631523
36 86 144.50442513391255
36 93 100.55721560172206
36 94 12.922218912906203
36 132 184.02441069444802
36 133 117.50066846234193
36 141 42.7758059006614
36 154 35.38717350553453
36 157 433.9678808107576
36 159 29.1421141475581
37 39 9.61738901953637
37 40 282.55764655813175
37 87 42.59604300704455
37 92 133.4541469584821
37 99 80.77016245337644
37 118 175.0970839288429
37 130 26.30144829360456
37 139 92.1808217327274
37 149 38.06948076389551
37 154 21.091158043817988
38 41 18.664654249480996
38 60 78.26297936686399
38 89 30.760358130511435
38 115 62.52670179108042
38 122 60.831271476205984
38 123 122.61898089649873
38 126 227.73236394072933
38 136 13.54008411856457
39 63 17.562517046016637
39 76 81.30950022847041
39 80 6.9893318270773666
39 86 54.117894034738335
39 92 5.55276207464046
39 99 308.320479979884
39 126 98.81519939186666
39 130 128.94400937459775
39 144 9.689557865632812
39 147 24.4094019458842
39 151 184.64849769440772
39 157 29.24394597428578
40 46 66.08949633092729
40 48 125.05551150164105
40 49 171.46926815339972
40 58 36.77743713413931
40 63 36.48513713135283
40 66 30.000378026225928
40 90 38.06865868501754
40 97 116.13659526842386
40 110 222.41922780497885
40 113 7.974351692412634
40 122 41.66081194286119
40 140 10.392023140843982
40 148 136.95145357913523
40 159 139.02636838634032
41 44 62.39246533705983
41 75 555.3701507534481
41 82 106.02579514987751
41 105 37.308275124595504
41 108 0.8654353702661591
41 142 100.78908879199732
41 156 60.99654243239834
42 63 13.83668320788647
42 67 59.91873844930996
42 68 203.22705846081269
42 80 89.91151037008467
42 82 7.084726824916315
42 89 142.5177621741912
42 102 43.724531579053156
42 105 42.12521023655295
42 112 93.44043897738595
42 113 217.44957695595505
42 136 87.0287756624704
42 142 13.115662553304288
42 154 133.19187753759618
42 161 63.32829776651031
43 53 61.213416305023294
43 55 9.900517566103915
43 67 25.114251781079098
43 83 34.7569493589595
43 84 19.460142588822656
43 102 25.010788023941323
43 114 207.15192617945883
43 116 146.88267599770785
43 128 27.21258444533047
43 129 59.532017573155976
43 144 232.90867362223122
43 148 4.13460742070828
44 68 28.82504380398948
44 69 2.9078043136594416
44 71 8.542960926927622
44 76 41.157629503577716
44 89 123.60227562583985
44 92 24.986810731716822
44 99 124.63226776291711
44 100 89.64248334617949
44 103 14.561419060352794
44 125 83.87311066100179
44 134 5.948314378209673
44 136 30.75337447798285
44 151 62.978520824875105
45 47 25.032886099650455
45 53 99.42533291071773
45 54 58.78066823525422
45 61 21.266560777586953
45 77 52.2117224971377
45 84 281.459596105002
45 85 6.1161483300440045
45 105 6.431822434160526
45 109 1.4078976467634234
45 113 34.57820339410235
45 131 11.672720050251447
45 150 52.33876372602057
45 154 43.712896554348504
45 157 65.44261064325329
46 53 226.68859947579057
46 55 1.3414974799119512
46 91 205.32221421185736
46 101 82.99463141337492
46 111 117.62272273860154
46 125 65.51837331504409
46 148 42.47306971645789
46 149 6.897831459172725
46 156 369.74292549053325
47 49 55.04687646100497
47 53 56.75185104642356
47 62 176.58422769435143
47 74 78.2149984474642
47 90 38.163139830679924
47 104 56.190330082526835
47 105 22.30852763542476
47 110 123.05358905004212
47 123 11.868300513776791
47 137 145.1790769864112
47 138 6.552771548785034
47 140 62.113704669224596
47 149 62.619871163875466
47 151 55.140042326052495
47 153 3.584215844959109
47 159 47.41079906155832
47 160 24.785267153065494
48 51 0.7252228654055107
48 56 62.55280292821607
48 59 70.08500854271422
48 78 243.82552337417107
48 88 7.998428233775463
48 100 210.88453089473813
48 105 181.15083757057195
48 112 32.369618905712834
48 132 0.5478661621613029
48 135 112.19973016337896
48 141 97.32991853552963
48 145 223.66452009741369
48 154 45.67991479305661
49 66 5.589640118997885
49 71 53.99777055923986
49 80 102.6006497244106
49 85 6.644953271132627
49 121 163.65443270971068
49 144 148.25919187483754
49 146 17.054769609863577
49 147 171.53932232014128
50 55 62.4368581387243
50 77 13.858259599628322
50 83 3.5476045171677266
50 92 54.87370078958355
50 95 33.87846057524898
50 106 21.777791390520303
50 107 135.20551295654704
50 136 74.37459385312859
50 141 235.65993960160657
50 157 58.88704232294559
51 59 63.11978744676132
51 65 24.326784701280253
51 71 172.72705840085206
51 72 347.31643738543033
51 82 69.16801568097301
51 85 78.43975496812841
51 86 144.67405088371532
51 88 17.214152425709266
51 91 104.91044814924909
51 95 5.89011451273835
51 98 31.02186131439644
51 124 59.661072765956014
51 136 56.468476954871804
51 138 5.50998097773065
51 143 15.501526959876399
51 145 125.89800487114466
51 155 35.82739126397898
51 157 11.389517060759987
52 72 0.4656846530873626
52 81 2.847615446623166
52 94 12.399510279166623
52 98 30.839206176774642
52 104 7.7890931233529
52 112 0.3009693862669866
52 115 19.431438608471527
52 126 187.69520244658057
52 133 42.366326804449486
52 137 69.92137479843747
52 143 2.721835338048971
52 158 24.379159396274463
53 55 72.09682341329801
53 59 80.85323034813634
53 60 16.437671817027276
53 68 86.8234435032777
53 75 30.370005285710974
53 79 41.941764422925374
53 85 248.2720370869374
53 89 110.70992780331328
53 101 38.321035967166736
53 108 27.40656902559331
53 117 52.50298329172564
53 132 35.80194848846021
53 145 93.36430842850598
53 152 149.72250321237885
54 92 51.37310105392704
54 94 2.8772457982459816
54 97 25.771330050981444
54 101 17.539384375742173
54 126 7.366187805588941
54 132 61.757754502811
54 136 20.755305777579817
54 154 88.14856095436824
55 87 96.70318227422028
55 99 165.6135259900166
55 123 25.316772137708153
55 127 43.03535352817914
55 133 149.8387164182621
55 134 20.843842065783324
55 137 11.832528536357007
55 144 42.63310271435862
56 57 57.21618621551149
56 75 108.91100239675106
56 113 110.06898720444893
56 153 10.28271671521249
57 81 12.672091040018485
57 85 93.65868883599788
57 90 295.2724597445675
57 103 82.40920170797749
57 117 279.1044671391263
57 122 26.18330623819623
57 126 17.84767851537802
57 150 157.44476930783992
57 151 20.66734986362593
57 153 95.59132174045831
57 161 23.004826786243527
58 63 12.34086964786242
58 104 189.42002635270245
58 126 35.86511907485903
58 136 147.42276639129244
58 148 158.04179553581986
58 152 62.22332350918997
59 98 63.04431332240401
59 104 14.630855572761138
59 114 93.55750585937635
59 125 37.58743893027199
59 129 216.96753666827524
59 136 175.48252495035277
59 141 2.758794462234815
59 148 20.83630398944377
60 61 19.446571272805773
60 64 115.59487311918294
60 78 92.37450963220434
60 81 57.26005122029874
60 103 75.72167449423425
60 108 81.20999908625646
60 138 21.632977197257162
60 156 39.19487036265201
60 158 39.0601238058004
61 63 62.29296592506401
61 66 6.539593517484599
61 71 24.531097423697815
61 82 118.36479978062096
61 83 126.02789602813898
61 98 27.14217436938749
61 99 10.069986249380138
61 103 168.23868375218763
61 108 64.75400469738914
61 109 34.36036507646894
61 126 71.78761554013961
61 134 191.00023011128553
61 135 45.471052220075656
61 148 25.26075920055424
61 149 13.66977251871773
61 150 19.43710324054048
61 151 0.22259212660049382
61 157 49.5262411211579
62 91 32.06200097975338
62 106 19.312814774093344
62 110 74.43577487281974
62 112 55.28101832144048
62 119 8.757060560248746
62 123 83.54956957100772
62 140 105.08079559904877
62 142 165.23633966279655
62 149 92.08558929908993
62 153 81.51923251911029
63 66 53.31716827088974
63 69 30.798072150471167
63 87 30.773887139541188
63 88 27.756327013806974
63 90 391.85782271580763
63 111 51.57390863158321
63 120 5.0150701117996626
63 129 52.805359468023276
63 136 166.3469466694329
63 142 21.525951650980158
63 146 15.667438060668575
63 150 5.292358491555045
63 157 96.12073891873123
64 67 75.52218960092814
64 78 229.9630902747023
64 79 244.82156897425367
64 89 28.897327473954718
64 92 319.1577641426186
64 104 62.73466218049992
64 108 0.0571527465098327
64 112 51.12655909117913
64 130 58.244679663949285
64 131 42.55498920979908
64 134 29.735610661548858
64 136 128.8554215913524
64 140 120.33726215795664
64 141 153.08171148302432
64 147 20.38985831658674
64 149 2.7110066179232164
64 154 19.354632655662005
64 158 26.944606613021794
65 67 142.75809227719148
65 71 103.79446790438718
65 72 9.083759531194264
65 73 46.717996759097076
65 80 32.07563241736943
65 92 10.347926511722257
65 94 15.042166800680093
65 110 135.1216069849749
65 114 44.174794953805204
65 117 128.09638185757325
65 123 30.70753933941476
65 128 41.34395230252283
65 136 53.58875504159551
65 157 187.5528314565575
66 68 188.22341309409322
66 74 83.90942767998276
66 87 107.37776906960343
66 116 49.24988966511884
66 131 208.84312442672643
66 137 52.05179282646311
66 149 11.978753191003017
66 153 69.58170341891424
66 157 5.25170073619857
67 70 81.77929871251818
67 74 30.797746534274026
67 78 27.1385841835608
67 92 77.62620780886299
67 99 9.457159864641675
67 112 60.45060828211297
67 116 25.852260648457555
67 117 31.454773122896228
67 132 51.75789632158005
67 133 2.1648885163558518
67 136 130.90240087427694
67 154 128.29529366524727
68 84 151.82126341810246
68 85 169.5965959498297
68 95 41.57329645172971
68 99 150.25170073762803
68 126 77.2445609375365
68 129 80.27697504350827
68 144 84.49473311971197
68 152 326.2431669615406
69 70 54.48764302882151
69 74 13.339910590951733
69 94 150.29089793716176
69 149 68.91080550849773
69 151 118.17137747435189
70 91 68.21038519547693
70 123 99.19438982725872
70 133 53.915063950398626
70 135 6.703958367190213
70 160 52.30337542402999
71 99 6.6387036248710665
71 117 26.107748086098777
71 120 29.249874305949927
71 132 85.77948241033991
71 135 411.17227310780504
71 139 221.32128601252938
71 145 35.57367009387415
72 87 15.205651529680868
72 91 148.56068926648405
72 93 148.87397772323857
72 105 3.78826377746238
72 113 118.60000629397065
72 144 84.8041831653973
72 153 76.12346677601816
72 160 32.70133511681108
73 81 308.3542717705711
73 89 352.45298581748784
73 93 42.58007358451342
73 101 71.80303441019295
73 110 143.08682367287042
73 120 78.38949070578596
73 126 18.11084775237625
73 133 163.15729585064668
73 150 161.42741662324008
73 158 77.99830789995099
73 159 53.15815732246276
74 78 42.98748240415297
74 83 1.6368108403990242
74 93 18.023298805121986
74 107 128.89623496071434
74 114 13.558973845277244
74 120 57.16069766811259
74 131 84.33305913627642
74 135 11.353999065886535
74 151 62.809803368112455
74 157 37.22648821302391
75 81 8.679041249273164
75 86 118.8939853575618
75 93 115.03716933745355
75 111 23.7834126255256
75 114 29.667151269881543
75 157 12.330994834299622
76 83 32.52400921346499
76 91 77.6435157251674
76 95 25.927087882261286
76 121 14.717745513927264
77 78 38.96781288729887
77 80 40.62665696108891
77 93 24.854383790079325
77 94 29.762624388010437
77 107 54.09470775165669
77 113 218.47385847412167
77 117 124.71253988385345
77 121 6.906351869414281
77 136 153.8641320281903
77 137 101.70405045966928
77 149 14.918227824291202
78 100 65.51880370097741
78 104 37.599492370116344
78 106 9.419848270332325
78 120 267.9516573193081
78 134 3.086149002174733
78 135 62.37417033532452
78 142 135.4463267498589
78 160 28.061758158947868
79 81 89.65727525481367
79 82 177.1855617513218
79 86 35.69471688495444
79 100 50.73861047474882
79 104 112.94679334373348
79 105 144.5956895608919
79 113 72.86848189269026
79 128 182.87339153685335
79 145 91.55826920661107
79 154 12.88332349365002
80 88 26.013598966582812
80 98 13.928348477898243
80 123 101.41272596807336
80 130 3.275449045424801
80 146 59.52900724151125
81 84 61.77485031470745
81 90 39.38378159478942
81 95 62.81766995437154
81 107 205.0145533067285
81 109 25.57254091107837
81 144 34.173529113571846
81 149 23.44353179797227
82 83 15.729465263584334
82 116 17.36007503341597
82 122 9.709854872417022
82 127 81.0388655434649
82 144 7.749690646045328
82 146 75.80569207378969
82 155 83.33656306017734
82 157 389.4427185242318
83 84 33.9110288832171
83 89 26.544482390469543
83 91 28.045404200969134
83 92 72.69135820193362
83 99 4.580375386025678
83 113 32.18831132862011
83 123 64.58344457780484
83 131 14.462950771194901
83 132 206.4489655605229
83 159 103.86855277497426
84 88 44.571838829801656
84 89 230.99262092229003
84 99 15.006373577205506
84 120 385.49850262074233
84 144 69.42806167405095
84 145 235.1687879454753
84 146 91.42034104920629
84 149 47.25627353997595
84 153 20.06871066985865
84 159 245.99276848193531
84 160 202.68949854616721
85 109 172.52233906925625
85 111 65.00279927465135
85 115 9.83060372894021
85 119 60.25350079774715
85 131 27.124811800631424
85 143 107.2733767535516
85 151 56.06585103905028
85 156 42.26484275158605
86 94 14.427021774639387
86 100 11.239447035775495
86 105 19.689195849298855
86 117 55.829629706520734
86 123 229.33029826286116
86 136 308.8698749094813
87 89 114.33976508999669
87 114 70.58651369190879
87 115 94.52155240649194
87 123 49.89845667820305
87 128 25.75882303959788
87 130 0.8076037449357188
87 137 238.0625437604451
87 139 131.09209489767636
87 141 56.24149668784729
88 96 98.10386393148814
88 104 86.2518667240685
88 105 2.661912296419142
88 134 111.78845117536714
88 150 23.991256555152905
88 153 50.11353986668121
89 98 179.68571145703237
89 106 20.4343493350047
89 130 1.9522726904455268
89 148 46.58027478598595
89 154 99.75064967352317
90 91 71.93289245036766
90 101 123.91624903784243
90 116 63.84402436111841
90 120 75.44033466149645
91 102 115.80566210492941
91 107 41.43055297919441
91 120 15.32648211616839
91 121 3.1019410889810146
91 123 41.60799461217505
91 137 39.49316932942804
91 145 172.4055219750917
92 95 22.56078315644885
92 106 40.98150634391601
92 115 39.235560011095814
92 119 45.38702921267064
92 136 96.02034342941062
92 155 148.7225259401137
92 158 0.07392317951871032
93 97 86.3248051237238
93 98 75.4105101610537
93 111 84.17206670979247
93 112 8.549740402629991
93 117 119.44600081216782
93 120 82.9969904039212
93 132 174.87313655330362
93 134 116.58763053995875
93 139 268.8287345930671
93 141 64.43542970348561
93 147 182.85715775978906
93 151 86.0218901852317
94 100 80.83364525616122
94 101 3.746755714294321
94 110 60.78071187813562
94 112 48.051551515611976
94 113 107.72229679442523
94 116 49.134962068156675
94 120 52.31252797869428
94 124 79.94867384456934
94 126 71.6425045124297
94 150 70.49377205354241
94 160 10.266210125788604
95 110 197.01685722002708
95 115 94.48763730297553
95 119 17.613683200309822
95 140 121.99381519185806
95 141 108.72367660064131
95 149 120.65448232026318
95 158 75.74664213933639
96 156 161.09985195232164
97 119 82.33302233753291
97 123 40.634076714284205
97 146 88.02786193936467
97 155 96.75671489515173
98 116 70.26775867044168
98 117 25.706888177421487
98 125 38.36580270894622
98 130 45.555934563681795
98 133 96.12305454556811
98 138 19.176972553174515
98 139 249.84137041921997
98 144 12.577326831060612
98 151 2.790421720849094
98 154 38.19858171648037
98 157 290.8086581497764
99 107 42.740685477144076
99 108 90.3482686201571
99 127 186.95187266113138
99 135 145.2939092980927
99 146 64.34997279652492
99 151 84.22931367148803
99 160 138.43185377861116
100 101 96.05475145862518
100 119 110.48765454126445
100 120 83.37176398413203
100 136 28.376221410585
100 137 594.0670898073064
101 123 165.93906343940216
101 133 110.14539254100605
101 144 316.367520567658
101 161 21.121658173316877
102 114 11.391432744033532
102 115 88.32642964975904
103 105 85.54948372008856
103 106 24.48297981620013
103 131 38.22764850706555
103 137 3.9671820950538947
103 144 93.36259755835327
103 153 76.63808511397275
103 155 19.844691154324753
103 157 3.4724803566266296
104 106 93.93423711975193
104 113 116.82059689245
104 136 32.92520077934977
104 138 62.764821689252614
104 146 111.7146007724111
104 154 158.74079910106607
104 159 50.57865099418139
105 139 55.758617287483084
105 159 152.0223838125114
106 130 217.33415032473457
106 133 16.47935784613925
106 135 72.91207214492361
106 139 64.51763696139147
106 149 106.46795690864676
107 123 41.21887606359877
107 126 175.72315533209968
107 132 115.98759195011445
107 138 4.543264095781082
107 150 40.943919078083205
108 130 95.70259301349344
108 133 126.15535308782606
108 143 15.763475020795712
109 140 21.089791097036755
109 143 0.21871599696820615
110 112 47.343944508522426
110 118 92.55256822323649
110 121 72.8699883253925
110 123 223.3350257600391
110 139 32.68853732108622
110 140 51.99945952191212
111 119 72.78130053371338
111 122 8.864559518771934
111 126 43.581789992801234
111 136 243.50099614400133
111 146 87.92445260836632
112 121 136.84229216084375
112 130 0.7496828749176324
112 131 76.594994534399
112 133 168.49385315817472
112 135 112.50307170890534
112 137 6.957964415119475
112 139 13.51398773452902
112 150 224.0948995609913
112 154 21.350953007014688
112 157 35.72218822589597
114 122 80.07727400458077
114 124 28.864984627317007
114 135 4.765511334889432
114 139 43.397007952131524
114 140 11.912918711581211
114 141 44.63348996904256
114 149 42.98722296993697
114 150 36.596580293095144
114 151 263.6051171306403
114 155 11.88717818210136
115 131 21.221642179436003
115 151 140.11071322024378
116 126 55.8450569693306
116 129 19.04662307036157
116 136 123.58615495567064
116 157 14.822314736698576
117 122 68.07287758729245
117 131 54.14392539786351
117 135 2.4682366140346828
117 136 104.29591773471897
117 139 14.752293229158001
117 142 75.85803568042934
117 144 217.3514697815819
117 149 171.79713673005907
118 120 60.339141601852134
118 130 145.67369637960527
118 133 33.75235130105472
118 143 21.520615759438265
118 153 10.743872476865052
119 123 14.004244761403921
119 125 86.52197591518261
119 128 52.433234684793206
119 135 99.65831968331983
119 156 38.499385633608625
119 157 153.61746370131826
119 160 37.609614900801375
120 127 335.5854930476208
120 132 271.09421720079723
120 149 68.2905616010162
121 127 54.73703838595662
121 156 14.373565474970809
121 158 17.159697315544626
121 161 42.00851053727884
122 124 6.594253195129326
122 132 97.22699587984464
122 134 78.06061866747999
122 136 127.69236473833637
122 137 67.70728915414368
122 149 81.18174813693874
122 152 71.05999619727093
122 159 11.30327780351114
123 136 110.5203753425566
123 137 34.476579997626104
123 141 33.17032861580151
123 145 120.63222306713698
124 125 43.73005836018175
124 140 7.989984173980311
124 149 14.780364423164274
125 127 44.89305409033364
125 138 88.9506660076363
125 153 5.149363615213076
126 129 36.54611173487368
126 132 195.44866730502508
126 159 127.350982752459
127 132 72.26463918534061
127 141 95.15291514340916
127 154 88.57756801871874
127 157 11.483047989633073
128 133 43.53368383187638
128 153 16.324365547502193
128 160 5.157361594023659
128 161 9.37716362622049
129 131 132.69904473735426
129 149 43.47367373535605
130 134 7.7770432431199525
130 137 8.418537032696221
131 136 88.14056395001192
131 155 113.92231676062735
131 160 74.08369534580693
132 146 26.28770965174566
132 150 177.31170094939316
132 161 18.255937368966958
133 134 22.22589535464072
133 139 19.595577999947512
134 154 45.78328931489546
134 156 69.0090367058456
134 158 44.5401610634865
135 154 8.613003234370296
135 158 40.54828737999742
135 161 307.6243293954874
136 137 469.45813420963583
136 149 163.97989903215424
136 150 278.39148468998883
136 152 233.55428838081403
136 158 2.326629645125819
137 144 54.71326352565921
137 161 1.1891550697915572
139 153 101.7082788276626
142 145 20.708446750200594
142 148 20.615309261214072
142 153 134.40047683839782
142 160 0.8043506094142231
143 149 30.867966275304934
144 157 4.057946488367555
145 160 4.300318299900512
146 155 7.358076392768098
148 155 66.72229895707002
149 152 7.759357850359743
151 154 64.63584009164143
152 157 21.78077066873516
153 154 54.154085747194905
153 158 103.23673823984826
155 158 22.464149390454423
156 157 20.992792567981148
156 159 4.795450253276719
157 159 3.051233168928397
157 161 433.1635131158549
159 161 17.19037599346208
