0 13 34.49840059257622
0 14 5.615037216490487
0 34 44.93433377853626
0 43 173.13970047657367
0 53 91.64849151493671
0 55 135.23534934476547
0 60 7.468738869174636
0 84 4.956026200900108
0 86 75.21408348527885
0 87 34.22146665746864
0 89 133.24311208637738
0 90 43.442483354790006
0 92 36.792983431643336
0 95 110.94414330796138
0 103 3.0171937173985226
0 113 138.7675700864646
0 117 26.7223017471672
0 153 12.017396277652946
1 5 46.58742439208752
1 14 20.728374518616253
1 15 38.597814150108306
1 36 41.55824881518574
1 43 98.9393645471209
1 53 104.46018036715066
1 61 36.71122205971507
1 68 133.93197205249473
1 78 22.106528011394843
1 93 101.74920157194083
1 100 42.13123378116263
1 110 74.62104617071108
1 143 48.33455527950581
2 8 143.26828974174038
2 25 157.94386254892947
2 27 6.580792374678886
2 38 142.30668707921973
2 39 54.26018431621659
2 57 97.01501527181725
2 72 13.231530667138165
2 87 9.950512567615625
2 95 86.21313547886813
2 133 34.59110199301343
2 141 45.43059933752002
2 155 57.732821936046406
2 161 79.34844235602897
3 5 20.00711206939881
3 7 575.3184803742301
3 18 109.38960232943333
3 21 0.04832507425718149
3 34 34.55169883878648
3 42 33.637893307458356
3 44 12.368222157622474
3 51 25.25791127803189
3 57 35.18169389581127
3 70 15.132125053930393
3 71 69.79754453083538
3 76 47.324863735661836
3 81 120.34056607573844
3 88 176.36540097746084
3 90 125.20664638871034
3 94 124.05222290580711
3 98 48.91774886611637
3 116 21.199013846458016
3 126 16.544800169883654
3 127 167.26336923076397
3 145 73.31523617155126
3 148 24.86277596703542
3 149 14.893311571053314
3 153 81.567899736332
3 154 484.72334530366595
4 6 66.01713195584546
4 7 122.46738869383942
4 14 190.7837250199463
4 19 73.6246268504966
4 36 118.04972242048638
4 49 0.6342836640096623
4 55 2.342591377867206
4 64 97.31873028719018
4 66 161.57036569038857
4 74 95.93578378214714
4 77 61.34612015398643
4 106 106.49243140714455
4 109 32.93732063236681
4 111 113.71930477038994
4 122 18.638562590878248
4 124 19.92034604542974
4 135 115.43418240498183
4 141 68.62766244210388
4 147 4.43059459936491
4 159 281.5161566322512
5 71 39.120997306625846
5 84 4.4115981339805606
5 91 103.64236916399291
5 108 138.63429846875442
5 112 72.71660149368732
5 137 121.08228329713396
5 150 5.338646257088338
6 13 50.39474733987347
6 14 270.7418324850783
6 30 55.089011502413456
6 32 66.21877486912531
6 34 338.61471295637557
6 35 1.7982197022057604
6 51 137.39412076841037
6 64 10.28861818304876
6 74 11.642498377288176
6 79 22.92435855178932
6 84 72.84293320784822
6 89 55.46285771962446
6 105 256.04483549368325
6 106 41.46585423873811
6 107 109.41320912394265
6 111 527.4716192777779
6 112 98.61553048158055
6 119 4.995311667904968
6 136 129.6000683260351
6 149 8.157814223024458
6 150 18.631170767200086
6 152 287.61290342328687
7 14 24.600567261362404
7 20 123.51606240285115
7 25 114.99951439745041
7 26 59.606553104507256
7 32 92.09822834516466
7 51 68.42978556383565
7 56 8.359357268832182
7 67 132.1967873090523
7 68 522.7250876435653
7 77 18.324883070013797
7 86 6.737733450982566
7 98 51.514295634883375
7 106 7.216158808633059
7 109 49.081543070163264
7 124 47.4529349268093
7 125 26.367346679858443
7 129 349.72907319179535
7 139 317.4355069022779
7 149 240.3768796663744
8 12 6.244491660467289
8 17 128.98886778291836
8 19 25.222070290246847
8 33 27.483390665024903
8 40 21.411983400704685
8 45 305.0189953748846
8 50 85.12747010835214
8 52 0.501345347932331
8 78 32.13135801993402
8 84 137.0988199008719
8 88 2.274825595941064
8 103 111.00050531428792
8 121 457.93869681555014
8 123 114.80189588312905
8 126 107.56882365186641
8 129 55.89550660348775
8 131 25.857875808727076
8 132 75.31539576948433
8 144 180.0781990716753
8 157 223.25563012456306
9 10 47.9290117252816
9 13 92.19570862233897
9 25 201.0155619223269
9 37 49.64258914453978
9 50 50.65315127009237
9 58 69.5263080493052
9 64 43.933789795743486
9 78 17.221624929103104
9 106 114.57865363194324
9 110 99.44215208239608
9 113 148.6211270082334
9 125 125.02892030940038
9 145 195.40002518855664
10 26 57.88252604946975
10 31 32.92901646476872
10 37 15.968539755072497
10 40 25.15133623229008
10 47 161.63472521562875
10 52 1.9794831842951066
10 57 50.97125629111293
10 106 72.68087479926878
10 112 116.58538898864327
10 113 36.635176717786095
10 125 63.85319545586031
10 129 6.999423182976624
10 130 149.67085611081384
10 155 0.4124029064119322
11 12 157.23540142421683
11 16 39.45259673701491
11 21 55.82572109484299
11 31 218.15475040146828
11 37 1.2914369396603804
11 40 84.13120048674739
11 55 67.21075982214184
11 57 81.11442291000415
11 58 42.03071780952445
11 62 102.42190423836308
11 93 85.10864750151381
11 101 12.494748842944212
11 111 376.31795470183755
11 124 219.2283401841525
11 128 33.33871706222053
11 143 46.88484413852985
11 148 44.30152845299403
12 19 11.514996427086135
12 26 33.17607550164748
12 38 10.633326987258426
12 41 13.15716726869858
12 63 32.95479840919236
12 71 156.8965799378878
12 79 66.7246124745842
12 92 6.329916339820897
12 99 199.67427942216887
12 111 171.91713932752737
12 140 146.31899294760436
12 141 61.98832081242522
12 143 19.962440430354583
12 149 79.43927241971498
12 156 27.347643608958062
12 160 83.22768036253798
13 20 81.59015549576897
13 21 128.9315499920868
13 23 17.801101325609743
13 29 1.7839876640008738
13 30 219.62372313834607
13 36 241.925598627941
13 50 116.07640732668337
13 65 20.48368397354882
13 67 59.72692269766296
13 81 62.742272970300256
13 110 7.398083265847715
13 111 3.82339384215272
13 122 21.22981463226076
13 124 25.355475309590734
13 144 42.595829956748986
13 153 2.4350291527894607
13 156 23.972694389535185
14 19 185.76035599043266
14 35 115.22938984403872
14 50 32.57609456959042
14 51 9.601043546399264
14 66 23.6644373340982
14 72 139.3247578760549
14 79 27.91029153600001
14 83 7.761702640505373
14 84 59.39462386896971
14 114 28.319959339843276
14 120 111.78083068335143
14 121 16.739683150316946
14 135 15.227956876016718
14 149 72.82587600444104
15 30 16.28820430279304
15 43 393.56845393787063
15 49 28.81683677820765
15 54 120.92071589313753
15 60 47.3666661930003
15 73 86.10166475726088
15 77 12.203968409027672
15 83 65.7642952655685
15 88 240.08971273414522
15 92 134.58248839313242
15 113 30.708808140262068
15 131 39.29756291020846
15 132 260.7677575495198
15 151 1.1576490037891165
15 155 40.913402480432296
15 157 32.59713793239291
16 24 159.2626261573885
16 32 6.336116722241829
16 53 1.2311419083347848
16 66 34.93017942049462
16 120 67.23925961139956
16 122 0.4114739224250228
16 125 13.919760332165703
16 126 53.50833359423746
16 131 43.24261028701171
16 134 43.5077981714662
16 149 66.63995840318334
16 155 43.08645587061325
17 25 59.437101764116285
17 28 77.93387156777659
17 30 541.9842244994197
17 70 88.49020983293727
17 82 88.32191951630487
17 89 82.42920282870334
17 100 112.31375202270378
18 21 25.380219091054887
18 35 19.96616966041164
18 37 131.58860660211184
18 66 4.940462395794183
18 76 122.29456489145468
18 113 10.307776062890003
18 121 3.2509614944972656
18 138 90.09573269576633
18 139 72.32185223665462
18 144 7.041767347822287
18 151 328.13346564048703
19 22 35.37831364252248
19 42 251.02595511565582
19 46 248.7180505650942
19 47 127.2046451805174
19 50 6.33654178699292
19 62 63.74571218533908
19 68 63.35906322920525
19 74 62.36374466291905
19 78 256.6809119038349
19 81 70.0949844319332
19 92 40.79817702125365
19 95 41.91342655003556
19 100 7.125903276628957
19 105 180.40632496819154
19 112 35.238211373794556
19 123 187.36891786689065
19 125 67.39089345708602
19 126 80.6998636309743
19 142 63.421313152670855
19 145 138.05507858131412
19 146 9.779518295417757
19 148 28.48888468039867
19 150 47.82202102110318
19 161 306.92388578605164
20 21 39.290965987687656
20 23 63.70165111381656
20 35 33.00471056944923
20 37 270.5687171749534
20 49 65.52064384442161
20 57 125.88367713262112
20 62 67.71066946115326
20 71 5.743161637796273
20 73 242.2418741391086
20 78 168.35787471501544
20 92 10.654352562208492
20 105 160.84885535480763
20 123 162.7672400470626
20 152 40.62658247924834
21 27 2.7801236259572093
21 34 131.86313381696104
21 54 30.632592546515347
21 67 32.51961906313905
21 79 84.88448831587455
21 97 29.544222442080965
21 104 119.89625833719606
21 114 17.153534023028442
21 117 18.671729819428297
21 121 19.194396772809828
21 157 127.04086111715067
22 38 27.77412905606192
22 43 47.49682704326185
22 53 17.496216793973822
22 54 99.60292647873887
22 58 50.66111106184188
22 62 47.212372901644066
22 71 181.63105225534326
22 93 16.40800224231028
22 104 54.46914490636299
22 105 10.221363500677935
22 112 79.75752656828288
22 118 27.07097335423434
22 120 50.389228235879955
22 124 87.0612471923748
22 130 64.18868776955686
22 133 6.356084752052284
22 135 101.19872705092975
22 140 254.31456461599396
22 142 184.77321269184802
22 152 13.577791602315266
22 155 14.972750369800663
22 159 68.46929213220096
23 26 100.75920296380819
23 27 79.90527786811549
23 32 262.41495840928405
23 40 136.82476774257464
23 49 79.838761223031
23 52 10.030816097870705
23 60 298.6621135478005
23 93 113.28994317575493
23 111 149.25631069487815
23 113 121.92027952403978
23 119 58.86334906374866
23 125 110.8544564701692
23 143 128.84914347484033
24 46 148.05572733070485
24 65 108.58802837568876
24 66 51.46863952868925
24 77 123.65652152409983
24 99 60.55323424246952
24 106 31.679185520542596
24 110 70.98059443797557
24 113 18.17031340692361
24 114 32.60413269149854
24 122 228.14444714465924
25 43 72.68798899402402
25 48 204.12770280651634
25 51 32.04451779673081
25 54 15.000659905677765
25 71 22.6072217473857
25 72 75.56503768063521
25 81 67.76496937228893
25 84 157.81882032662685
25 110 105.85144491001773
25 116 26.224007991403987
25 117 7.074315551550048
25 159 30.148982364731957
26 51 25.249118436624894
26 70 69.50484426329159
26 83 84.53117804094016
26 86 43.58754282828844
26 94 80.15557020676144
26 113 127.30362216307248
26 122 210.41637928581605
26 123 43.628336178831766
26 129 13.534872005433447
26 139 129.68448777881278
26 140 17.064659351672265
27 33 99.82588927530445
27 46 16.35845598296672
27 68 229.8481326935682
27 84 70.60473383986204
27 88 248.37689107340069
27 93 14.736994286047691
27 109 95.46740720441407
27 134 38.63948080735419
27 146 42.490950693085274
27 153 102.75654485764852
27 155 113.70441722439772
28 48 2.7057742963793863
28 51 32.68651930982186
28 54 36.83491270756428
28 78 39.06407816579036
28 99 16.61422573800285
28 114 13.945821296630072
28 115 107.56005205807183
28 131 26.14836775333919
28 154 1.18258071925562
28 156 53.922444564555036
28 157 25.94763030511215
28 158 18.262234101686456
29 33 80.57445975206917
29 44 42.73331884415317
29 52 58.20704334860061
29 54 15.487239602647566
29 55 18.132768594827613
29 58 139.15582843364297
29 61 12.596573020238122
29 63 342.20856568922835
29 80 54.548288664597756
29 118 15.358327106079473
29 121 3.5714723970495017
29 135 106.82100433007558
29 137 221.14018585134966
30 33 169.41897910201965
30 35 11.193078232193951
30 44 59.579542299226794
30 46 44.594849745615676
30 54 30.175016379379713
30 55 26.0055090355035
30 62 73.60569647042422
30 63 28.630332294983827
30 65 210.97999864498377
30 68 121.6230107891583
30 73 86.45163922034237
30 82 76.6006899223817
30 91 79.66978252289908
30 95 19.01593978946865
30 97 128.68133812689805
30 104 56.63463312632985
30 113 57.74212036935009
30 115 140.884695560588
30 118 16.666033169543258
30 125 85.05632593206721
30 126 133.98574491042731
30 132 35.165060821276285
30 134 18.78912031607489
30 136 193.25916386604882
30 145 126.94775084145675
30 149 163.56559329718704
30 150 106.96874719695815
30 151 87.94272479006796
30 153 9.026353683674307
30 156 128.99364065228252
31 34 96.1740237425576
31 39 39.104643932115735
31 46 35.60550130907788
31 47 104.54865524987297
31 62 8.629523578521209
31 90 177.8532199073365
31 118 140.50686072052025
31 127 25.980376760327747
31 129 56.716610884964616
31 131 9.849147818994718
31 135 64.85811617083512
32 47 26.465783702081616
32 52 25.08924872566333
32 53 96.60410820060557
32 57 191.49200069342868
32 75 23.27209107387148
32 78 210.60162438807527
32 80 26.07696119727579
32 93 8.357878468620129
32 108 55.414599043026875
32 141 142.13267944943516
32 142 9.244840237382508
32 157 65.76705431409826
33 46 100.11989518017117
33 54 252.17975337652933
33 59 2.534199107675213
33 61 3.9108775243477827
33 63 5.5659017201342005
33 66 23.66485929764532
33 75 28.355303225855266
33 83 26.46245816098893
33 84 134.81888440084984
33 99 56.30861810776755
33 107 55.82641316527471
33 108 30.62719382495232
33 113 104.88604405681987
33 148 69.76520016182428
33 149 29.542535317287555
33 160 0.23037805309099943
34 39 58.7698766646767
34 62 86.36691950234261
34 72 39.839375752178576
34 83 112.18609892814003
34 101 74.44833135825546
34 108 94.19374637588936
34 116 79.38210328966841
34 120 8.489267141210593
34 121 13.30030386171108
34 127 70.78594634311656
34 128 182.75275684154897
34 134 58.6533235492442
34 142 29.539375406284957
34 146 95.27548203367101
34 151 56.904848063039665
35 44 43.17596630749185
35 45 41.186664558012694
35 64 4.286846397798923
35 66 41.169314596521
35 90 77.41596671344817
35 126 97.27991346887637
35 127 93.06262600713902
35 129 55.27509367891405
35 137 3.422524068066391
35 138 22.808088924101156
35 145 35.118632094101756
35 149 216.3361548513446
35 151 31.328547583906516
35 156 6.077564165029298
36 43 113.53265469807916
36 56 97.58103354221304
36 57 70.46191858113369
36 68 139.05909206928422
36 73 31.16279833824894
36 90 47.291229791401236
36 93 14.73833621535619
36 112 50.226682525086645
36 113 4.5583652476261145
36 122 9.32031869293907
36 123 46.313786396946064
36 126 84.39722360487349
36 134 181.0854955813543
36 141 33.59817705183523
36 156 72.96619214583433
37 41 58.99308123639018
37 54 58.226199387232654
37 60 77.68535408649076
37 71 91.12922633705396
37 76 13.99851831916321
37 80 5.102691578893343
37 90 269.76260426766845
37 94 32.09204120180376
37 97 79.7699281817348
37 104 0.9283048130824076
37 105 5.672536131439311
37 117 133.88112281277117
37 123 169.3645151957009
37 129 6.209579950296628
37 143 10.102610092191057
37 149 23.3154012781008
38 50 38.33441805142706
38 65 67.76584000511511
38 92 59.865241530862455
38 94 40.52135129636495
38 105 17.53611567963575
38 116 59.268743043118675
38 147 23.526097254390148
38 156 208.31629805843795
39 45 105.83198411361953
39 56 211.63089855139233
39 64 11.668458683802664
39 73 205.16928327515149
39 89 11.688869895190491
39 94 94.92655804918266
39 96 155.05538137514407
39 121 8.411525558546948
39 149 39.23891916909561
40 44 39.05416562971694
40 53 89.42045405644626
40 66 22.18371571853488
40 67 28.327764127644194
40 74 70.1037546762021
40 81 209.01912448718787
40 103 22.67989123315002
40 114 164.0840679645342
40 118 33.999858331937425
40 123 119.12553489586959
40 129 66.55536057766535
40 133 95.52824579582861
40 138 127.20179242276659
40 140 11.448247872387457
40 141 5.413128643146665
40 149 30.380332066108224
40 156 20.802555730910456
41 42 216.95233163695437
41 47 18.11046467457835
41 49 188.98445138613843
41 73 10.832000655737199
41 77 139.82410614658585
41 84 113.61927326314861
41 89 40.707193752598144
41 126 68.37155905176898
41 134 1.4401137346519917
42 79 90.20635944465212
42 80 192.0488767243155
42 85 38.30964429722241
42 87 15.757077981395996
42 90 31.49005853543787
42 103 86.2771678482264
42 120 47.73471386574522
42 146 170.4554983672646
42 148 59.307659541324725
43 45 219.76469656151514
43 54 33.839277358380315
43 57 155.54523916034725
43 71 26.611378904954
43 78 63.900151174705165
43 89 144.3556522382225
43 104 50.40073133465606
43 122 156.15721977012106
43 123 26.553940477400044
43 126 263.9825345378586
43 128 131.39937638664594
43 141 41.54365260756159
43 149 107.36633457861502
43 159 5.086813466979881
43 161 105.10388564111504
44 46 2.481578680857366
44 51 10.797954688821783
44 55 106.308555707779
44 56 11.899729289126387
44 78 43.177927426885226
44 95 3.5393365753130355
44 99 18.175149906557465
44 100 43.58737982591803
44 105 92.83530116588537
44 115 42.91500590908992
44 129 50.45026855693359
44 130 4.370078162248629
44 132 41.61844322891596
44 151 56.40132794523316
44 154 10.292802151945697
45 50 130.38203868494983
45 76 24.91239686464564
45 77 243.31095159007208
45 80 71.88246694632267
45 89 10.32377338730652
45 91 53.50657896714354
45 95 185.4729515080631
45 123 0.10721128513511013
45 126 61.82463800654216
45 134 14.800247303430895
45 136 122.00318817769578
46 49 61.33979763302677
46 52 29.213716740818413
46 64 11.013658941428389
46 77 1.9291203813395044
46 78 43.135965534229726
46 89 32.55845216891154
46 125 13.379595450311163
46 128 53.381686914366625
46 134 234.86487904795996
46 136 13.707331514072944
46 137 51.65334111820905
46 142 27.68360169414494
46 147 24.90671595485925
47 83 7.75884377356377
47 84 49.474917418092986
47 85 17.318649546254722
47 86 15.310423034668943
47 88 111.89066033145654
47 102 151.95069419704865
47 103 146.9954758673647
47 113 58.358804671623794
47 114 6.814356626635899
47 121 61.43767100492163
47 131 18.308689836195875
47 132 43.58479594160092
47 145 39.35985388095172
48 67 90.417280293766
48 85 78.35489127974536
48 94 15.919821987910156
48 100 114.86000807976107
48 106 4.475643097172021
48 111 100.06935640270957
48 114 101.47133489866776
48 118 6.94213899732778
48 127 46.30881038739036
48 142 18.246339765896437
48 151 14.824475818892862
48 154 149.73785795239942
48 155 105.17231768790666
48 157 116.22860252640425
49 91 17.392908859811268
49 92 76.31321786548068
49 101 52.481051089621815
49 118 8.454727276395719
49 126 27.56706523636014
49 128 100.11146485717595
49 136 23.77931289831014
49 144 11.85298346236455
49 150 11.026187989075304
50 79 40.44903957603038
50 89 59.57935607392954
50 91 70.47954681860024
50 107 33.67932814473641
50 109 78.88025039158161
50 120 256.6214004860662
50 122 23.26781458550451
50 135 88.9405812908495
50 139 3.572541995689036
50 155 43.71120265351451
51 63 45.980308859476345
51 85 2.8305524557653063
51 86 83.1736411479611
51 105 21.90659566334747
51 106 145.98257311099732
51 108 296.422824016623
51 109 19.605361982013044
51 115 13.165739002138567
51 123 212.3377803610029
51 125 18.259679522035107
51 134 80.4584118287192
51 147 1.0697856047566923
51 148 31.409122676985078
52 59 14.296675382233406
52 71 38.457194696995195
52 72 109.9495992384339
52 115 12.519938713097687
52 116 20.786557855125043
52 141 5.375114308017921
52 143 95.96615704046539
53 86 71.44107882952517
53 95 96.95601942632769
53 98 12.534907845595098
53 99 48.658733758291255
53 104 138.97971646764532
53 112 3.7988495386998666
53 119 22.62901753093134
53 121 62.51307446489714
53 133 126.87713676269748
53 140 34.52667494762785
53 154 179.21971481543048
54 70 7.946800495113419
54 84 69.94173873142745
54 85 87.79771110498662
54 96 112.12953197422928
54 103 11.531016826519203
54 105 55.01645776862871
54 110 25.092683147168838
54 121 75.72392194741228
54 132 79.86884485055032
54 138 5.103900931024155
54 141 3.1531778263740433
54 149 33.95708984342737
54 161 161.46594779764058
55 56 105.08796196341079
55 58 39.374846705376605
55 72 245.2183115300177
55 75 122.05816568745345
55 84 84.49657069933653
55 91 152.6347932665079
55 100 66.08314857084744
55 103 22.06985693449423
55 132 129.59042916674167
55 135 106.29604693449781
55 142 71.79050815220067
55 156 30.033861211350594
56 78 280.0643016882825
56 80 86.40437931028706
56 85 91.71615236067944
56 104 69.61161671491817
56 130 62.8864445051296
56 132 84.9181282759344
56 145 102.73980620318703
57 86 163.89672481833546
57 94 11.530672546824134
57 98 25.99048086853319
57 100 80.84167573199552
57 101 28.589482541687136
57 105 97.41425420563216
57 114 42.95108867215109
57 125 201.9445196968977
57 126 24.784347756799264
57 136 71.84641661298306
57 139 70.90456817987132
57 143 72.00150588139275
58 67 137.1964049976029
58 73 207.5504799676361
58 81 311.57147017979435
58 109 88.83026565963534
58 127 28.42553591993999
59 81 20.195239632553104
59 84 23.32040209177012
59 98 24.674231028352736
59 113 47.470045668498834
59 121 134.8013943782621
59 127 43.091324128932875
59 129 25.909539648226005
59 147 170.55915936288898
60 63 4.598261510200109
60 74 16.66031322813782
60 75 18.20390729924036
60 93 51.338043809959665
60 94 177.51708537274982
60 95 41.04884780110917
60 113 18.288148224622425
60 116 74.1440143901037
60 125 6.171838574224309
60 155 17.177657743944984
61 64 21.477102861658587
61 75 43.56615105634097
61 80 15.206574858814333
61 88 81.4347477585584
61 90 10.53274870464577
61 91 10.982531244274986
61 97 63.30790977181918
61 112 164.13993915315717
61 115 79.72550854387774
61 117 130.06605952525615
61 124 26.552868374219035
61 132 5.646370406688805
61 135 2.2985845438107266
61 146 54.55521267454958
61 149 99.4146348508327
61 151 72.2268553946667
61 155 19.555027203016486
61 156 1.0993311485636392
62 70 308.63319520055256
62 79 40.21737403503908
62 88 39.367423175446405
62 121 0.022096807682164366
62 151 154.45190601741538
63 92 48.45684432418242
63 107 12.526675800046007
63 111 77.75571750791782
63 114 14.487331246664686
63 115 472.02936318332144
63 123 54.2955674006235
63 136 131.99692053832953
63 144 146.08027140514025
63 145 78.65094819754815
63 149 45.5209887722768
63 155 176.29519305983771
63 160 102.35671861190144
64 86 103.8846632976846
64 102 5.692773439615205
64 110 29.517279433605797
64 130 21.690945624714683
64 143 135.68565552410172
64 154 177.07407827045475
64 160 86.989168393035
65 69 13.887931888498496
65 75 240.0946407090977
65 78 1.3429332473812148
65 94 130.76256499734978
65 106 10.009140732835
65 120 74.61629116701621
65 148 1.2240068561131452
65 160 72.7797552885615
66 76 134.4792669341191
66 82 48.500857384298826
66 83 43.83319156410935
66 100 4.161885667891033
66 104 32.00874846472406
66 108 8.264603161151216
66 121 209.95028251737412
66 123 16.000239304026387
66 125 80.15922708753777
66 128 5.972740921572461
66 148 21.199645300501345
66 150 131.22501791191348
66 151 52.356603042551605
66 160 45.928605303161724
67 79 370.2626007175048
67 84 83.80275087313846
67 89 207.26424817812642
67 93 36.90446332235043
67 94 20.48994744274826
67 104 0.8681273621191216
67 117 108.51872909240282
67 139 101.82109251503164
67 142 21.610009822194364
67 145 99.89232717755463
67 159 39.30874247593222
68 87 41.86020404591262
68 88 74.76506777444702
68 95 95.54187855784664
68 101 115.96069150923327
68 103 221.0680382316653
68 120 181.8621614964794
68 121 31.24689474986152
68 133 135.24414928814994
68 144 259.20813896078005
68 156 126.51863636187586
69 81 23.24448610512253
69 87 44.5201474651065
69 92 48.18281735223287
69 105 80.27158209174645
69 111 3.201242940982505
69 114 6.5695398028020655
69 126 70.82447446270135
69 130 4.33869982354443
69 131 71.52372770432623
69 141 74.54316143298867
70 74 91.55692708766435
70 108 91.55742522924523
70 149 25.564694772513157
71 80 174.22691691830056
71 85 27.186037434941785
71 100 37.166693583685785
71 104 72.90253697546994
71 132 125.11628807429439
71 139 66.19542658407823
71 144 39.1915782492224
71 158 11.179544928844729
72 92 64.53655199031117
72 102 90.17958563996274
72 106 62.412126349880054
72 157 29.684453595672068
73 83 21.318523965433712
73 87 49.23483745871279
73 88 101.78413334128219
73 94 72.10282659501806
73 103 35.80062452016033
73 116 44.69317790089033
73 131 55.64150415377509
73 136 36.74470931308337
73 140 2.109148141875986
73 154 0.6516483693308417
74 86 2.316082570150375
74 87 35.76610993615323
74 94 71.99247764413015
74 129 23.150686635027462
74 138 114.74298409957532
74 146 29.98345044050754
74 157 210.5578634859008
75 81 44.89840405908798
75 82 58.86768495692448
75 111 93.03592380829899
75 118 84.49493390270962
75 122 167.5058316376903
75 136 47.698421722825195
75 151 265.63042314331943
75 153 1.1064800300360347
75 161 87.95278353177896
76 77 258.5417521041528
76 78 3.9598898245280267
76 94 42.73557523780997
76 100 19.56653376375645
76 106 7.645408321132325
76 120 0.2481349505471749
76 128 42.257402053029715
76 130 95.77985209165257
76 134 166.37844747235783
76 137 1.0372722689987428
76 157 16.25377933999628
76 159 6.278757938256483
77 89 183.45163397157796
77 93 19.116762403310513
77 104 15.491995699762013
77 107 32.4870111916863
77 112 25.310514733329903
77 113 58.90331414833131
77 126 37.994348868986215
77 135 542.6874133589681
77 139 62.028638321166106
77 144 62.33087357820868
77 160 232.7117305170551
78 82 29.13183670503231
78 105 15.643301103543617
78 117 84.9906273581456
78 136 56.614906690189265
78 146 103.48813095316096
78 147 79.66669269701501
78 150 62.33513625714114
79 81 63.40150087898014
79 87 137.09497088492424
79 89 47.87982522082762
79 92 65.55067090759971
79 104 115.88361205016216
79 107 92.4022368036393
79 115 180.2093964862585
79 128 31.661933918660537
79 141 118.68999288031928
79 145 213.439382730692
79 160 303.0916517428342
80 84 104.02504004201079
80 110 26.775925796517203
80 125 8.32878769594089
80 129 231.81643713347353
80 153 13.93918382966592
80 158 100.52326796572164
80 160 174.2277802210665
81 84 212.11578671034377
81 99 19.66822722983312
81 109 3.208446692942553
81 120 189.74278387246713
81 122 80.53598984920471
81 136 93.93511939469136
81 146 64.45445384423991
82 89 0.19470356908051262
82 95 192.9436878302813
82 113 110.71403193029259
82 124 97.42797458566861
82 127 119.81626074855303
82 157 4.092732474886216
83 93 276.51363945345395
83 95 45.267403790946275
83 97 85.68508771259881
83 113 6.376381344742388
83 123 205.1005454311906
83 124 74.67580829984378
83 127 96.6216922079681
83 129 14.658863464316218
83 139 11.229290043826229
83 141 196.19564669463395
83 148 35.94051257455496
83 150 90.58744527906285
84 90 238.38931106033542
84 120 68.65418017513839
84 130 7.779257542078855
84 137 124.38840509430878
84 139 9.680180112929733
84 144 1.3738546302786458
84 146 151.20622293691122
84 159 114.12445304089529
85 88 61.550643825439906
85 100 32.02841730250096
85 116 148.40488370470243
85 124 59.55368580640284
85 135 135.48868705099238
85 143 71.68575388595664
86 92 53.40148963305379
86 97 4.003233531861094
86 105 83.33818587728592
86 108 72.25653377949314
86 117 23.729644344695117
86 126 0.30068435153847217
86 137 6.936661389504145
86 144 41.04730412053119
86 153 28.474905089683404
86 160 288.595403375521
87 88 194.30306989766285
87 89 87.50422089988571
87 92 41.63531759948124
87 94 1.6694423923835178
87 101 188.3682197532974
87 103 119.97784944231505
87 111 60.1799837574093
87 112 109.74392675780405
87 116 76.29124918768107
87 117 10.11445878053238
87 127 260.10948307303954
87 136 59.844983591733474
87 144 175.83066246823896
87 149 265.6432455599997
88 97 113.62712688587362
88 105 12.08457830786386
88 125 223.13372539516257
88 139 236.974383038284
88 143 109.13343073062711
88 148 16.471723570188885
88 154 40.52360128206359
88 160 67.70016492154397
89 93 28.3766365425807
89 111 61.894908018421546
89 112 89.24998581404877
89 126 178.9463535827736
89 132 109.29635977033777
89 141 29.064562668288964
90 106 215.14473808070827
90 124 3.332230616250468
90 157 145.31916077743844
91 97 5.784671934339842
91 99 96.00111093997708
91 101 241.31567728833198
91 104 52.54044364333941
91 121 144.1873675321106
91 130 61.450768731874454
91 132 78.23360034964288
91 146 133.58025385978468
91 148 66.90629786910162
91 157 147.86347195776975
91 158 83.24583277470998
91 161 102.84606723258257
92 102 35.90229296884886
92 111 31.057285922279934
92 117 20.03822219190392
92 146 63.11797485585105
92 150 187.95725741989565
92 157 259.900267083937
93 111 56.04744522333654
93 129 154.42507201127785
93 141 14.328550592995496
93 142 1.2060527226884226
93 146 16.389892129031384
93 148 145.10094314728357
93 150 40.63972047831894
93 154 28.429238212201795
93 160 43.65574408310306
94 100 293.41489882924725
94 105 204.71110301055273
94 126 52.93762056210121
94 159 96.38885681757633
95 105 54.57701532665834
95 120 69.24263139127902
95 121 140.63745538296914
95 126 45.93679225997946
95 136 225.32904742273024
95 139 14.38839775373043
95 142 173.84786959085355
95 150 43.34309344699453
96 100 80.74446851430464
96 123 7.116603031661512
96 134 36.0826507019226
96 139 59.12757899915226
97 103 175.31269809353438
97 114 3.1695597233697845
97 119 110.982948856185
97 144 4.306874092183726
97 147 95.90105494409038
98 100 0.22956300528401177
98 105 1.8630366594453625
98 121 54.541969352812416
98 130 241.81245442282463
98 137 89.87742154630735
98 153 187.8751929986128
98 154 257.6156441130877
98 160 49.32230040318222
99 114 50.8272234069527
99 116 1.8923375295842366
99 117 39.20924253891901
99 119 69.25849844324912
99 129 128.27360857700464
99 132 311.111412757576
99 136 72.51477954415466
99 137 39.55595152244116
99 147 7.0317991182027875
99 149 92.74739742165079
99 151 149.00796298063548
99 154 47.79593128513554
99 156 124.92418035617268
100 108 61.65741207702942
100 110 86.8992360365286
100 115 306.6998917839463
100 117 39.311049754439146
100 140 89.11470125823456
100 146 49.72846948557646
100 154 126.42740950698307
101 129 23.144474110088577
101 136 4.099963461296827
101 144 66.94617174916259
102 117 51.48036902375893
102 125 11.32160576796572
102 130 37.62511180331595
102 134 5.225547611640836
102 155 4.644208997900318
102 161 95.95048849237739
103 120 29.847226181096566
103 127 27.204748612042053
103 132 208.09213299917272
103 147 137.5650417069875
103 151 394.59855040037206
103 154 86.60874033610138
103 155 72.20054293212617
104 114 76.37562155904689
104 118 37.20951802027932
104 121 255.52361016914796
104 139 156.2213746995438
104 141 49.270631765521294
104 146 21.418865031370217
104 149 4.539681122032205
105 120 29.151430317454874
105 129 50.493042025096486
105 131 3.4768333573715857
105 135 14.854783900512638
105 146 138.41179336986588
105 161 163.82428694709995
106 121 70.3962179111541
106 139 73.64857070228767
106 141 118.94472195559231
106 145 319.74442499721005
106 159 24.909265215829148
107 118 17.690603135474543
107 128 21.52480248362758
107 131 37.78512567739079
107 136 23.160405955707837
108 132 70.73396821013353
108 149 87.50410467667817
108 157 32.176282013732084
109 122 10.255092938207653
109 123 48.16554423825119
110 111 93.97661069946061
110 113 46.09591501675447
110 122 109.9855593883945
110 123 67.72911712616629
110 137 158.1272854845326
110 140 92.68066075007597
110 148 144.4684576535268
110 158 14.91717228737723
111 112 1.0832074001667604
111 123 40.84748379943804
111 126 88.49911427852476
111 132 8.96148123566827
111 140 81.42940482156405
111 143 87.08169369234243
111 144 109.47328372155047
111 149 182.22046379797922
111 156 27.810044081754988
112 123 14.392589815667764
112 126 30.892033814901836
112 127 53.570322048285036
112 130 3.8588140454673003
113 114 79.61106850007565
113 145 32.564921582335344
114 116 36.940107495941064
114 120 314.7685413933199
114 131 61.34521570937729
114 144 3.3254300951243954
114 147 85.89511468289535
114 157 43.96607931040377
115 121 251.5976124640106
115 136 138.07874901152198
115 145 137.26163675382045
115 146 89.54054649428738
115 158 102.28558696456092
116 129 69.2270947560758
116 153 6.474369383329061
117 122 60.2617871346648
117 123 26.894793619063027
117 131 53.220811510031865
117 134 63.184336465618195
117 139 132.9415210747274
117 140 30.36788499739901
117 143 152.76678515463436
117 160 23.733201483181954
118 136 5.908424512516167
118 143 40.92558692843826
118 145 105.60181312062288
118 153 62.07522955763812
118 157 98.45906506415842
119 147 177.92717111937014
119 153 19.605838123596524
119 155 78.56347395045097
120 121 222.09611910173035
120 128 31.57177632326936
120 136 223.46854173829692
120 145 483.6821094595305
120 147 81.9329972155127
121 135 47.438267525511606
121 142 18.92127100484545
121 143 138.6331783685271
122 125 86.56378395321771
122 136 282.31951921110647
122 146 138.42793281608908
123 126 9.019203787075075
123 133 19.016849669877974
123 136 149.05654953242546
123 141 0.6018844033263223
123 153 7.159707164095258
125 136 117.16882604342177
125 142 0.5114374432874345
125 157 72.77594093308336
126 136 205.68244831205854
126 144 39.4366194390921
126 145 17.18248119030577
127 138 21.54460244242114
127 150 0.26542461795558303
127 154 153.12887864253784
127 161 287.5001072760638
128 129 47.68794547742521
128 132 0.473061315514637
128 133 151.72964109876364
128 143 3.255321009087506
128 146 82.87385497986944
128 147 6.367031166096681
128 153 58.1267006161249
129 148 0.4473096913243191
129 149 43.285778849465025
129 159 3.5021834395148574
130 132 198.9199572835369
130 135 67.61259963938068
130 153 20.256866417866352
130 154 76.66667797411439
131 134 1.722359449689087
131 149 5.341480822927633
131 158 23.555014187012077
132 134 97.74977699551309
132 144 52.15070675273339
132 154 7.053641217002365
133 146 162.89349874545104
134 149 18.271100308329864
134 151 99.99832227477467
134 157 11.05282975141512
135 143 196.3673297270051
136 143 1.9983638212605872
136 154 74.28068798177051
137 150 6.769894086032206
137 154 24.933471380335813
139 155 3.919564497191776
141 152 22.104600798483265
141 154 27.940139794266212
142 149 53.96251438316456
142 157 74.13756413672786
143 149 293.1013910587964
144 149 331.6238558900381
144 152 232.40392771796
145 147 91.13493583016894
145 154 41.700134435842
145 157 76.98217357324239
145 158 60.83483184913859
147 148 26.464505090966316
147 151 355.49698331928346
148 149 41.997005695092845
149 153 43.70118429046199
149 154 18.91421031871338
149 157 183.36810738435878
149 159 292.71449829845153
150 156 130.15528647462833
151 156 23.01047324274926
152 156 41.214524668347835
152 161 50.86468434984112
153 159 63.692369041299884
157 159 43.65123858135842
