0 1 3.973700185884809
0 13 4.164727670755067
0 21 89.45276128711551
0 28 77.37682227762696
0 31 91.76516105405086
0 32 15.041320841102278
0 37 107.54580681731579
0 43 82.876586230517
0 47 51.00858892042733
0 55 123.33617955910155
0 64 207.3219868717256
0 68 263.9387443509618
0 90 156.41292346522195
0 93 16.11641445683133
0 108 16.91370774334929
0 112 36.144360761115855
0 113 0.2410355758218716
0 120 121.09993577738905
0 123 16.543185997367946
0 124 18.296510746661333
0 126 96.62790491786909
0 152 0.1301562496589709
0 154 32.688599753038126
1 2 38.578722864754376
1 4 257.90024770358775
1 6 3.042486737890979
1 9 31.32016597562121
1 12 5.075530738726381
1 15 110.02499648981063
1 24 187.46698170435488
1 25 48.75400900795685
1 30 204.7086587994399
1 34 210.26219150888178
1 39 77.09450188083994
1 49 54.415714051045285
1 54 57.87960652532569
1 62 79.92067394864645
1 66 21.440761990964802
1 68 6.296784084029906
1 69 59.86165607451196
1 74 4.268893294551976
1 76 28.87045476656035
1 88 207.01624277961153
1 97 7.999640946229335
1 103 48.884594061974106
1 122 135.9891977386376
1 125 106.7653490254854
1 130 23.388227745342725
1 135 33.312219727799146
1 145 27.91858682371551
2 7 261.381146565528
2 13 19.728122615977746
2 23 46.0123468130681
2 33 5.335501759090833
2 106 18.355687681742218
2 123 28.364815962991663
2 137 76.02685214397901
2 140 0.5994498257062634
2 143 30.542857547822294
2 151 7.378526561912222
2 155 15.971597708444603
2 157 30.555857945871953
2 160 21.77527207948708
2 161 12.977358182440327
3 11 54.62530428123023
3 23 92.05642703389078
3 42 21.85208853316466
3 66 47.180074331673325
3 84 18.805181090268885
3 90 12.168574019482586
3 107 133.8731722607433
3 117 208.61633920479505
3 128 23.592437661616216
3 134 18.096124632462075
3 144 64.54181820211974
3 149 142.8421419253105
4 16 10.555297024519406
4 20 21.472297313503947
4 24 186.09102152188777
4 40 60.56588831855309
4 47 131.85400065329378
4 54 25.482042911836352
4 72 87.79353541498307
4 81 158.13238061281947
4 90 119.7394909230779
4 99 51.34644492695542
4 105 340.3089897583836
4 110 14.31814295568032
4 117 16.598754281961796
4 141 135.11846242134953
4 145 27.50598295783107
4 153 36.889671080530206
5 6 187.187250312543
5 9 7.8628306227472535
5 17 40.19933993235705
5 44 56.96883181270453
5 48 5.525941693829875
5 50 1.9287085555363013
5 55 21.029216052523406
5 64 56.06731044074001
5 66 328.3773983719903
5 77 150.9425361275254
5 99 9.842478324058629
5 104 22.287097458447178
5 107 41.347625159482384
5 108 140.13120669045213
5 109 125.81219443821219
5 111 423.0879573177361
5 113 24.768867708622
5 120 871.6906437490946
5 122 150.05373599727605
5 129 163.67637819877555
5 131 66.67890482777646
5 144 264.0571608524469
5 146 5.244168907003779
5 149 5.533415792932248
5 153 92.86150137505913
5 154 126.78063656874679
6 9 45.70853827404224
6 15 27.22092680926375
6 18 7.150848748838869
6 22 23.648631837608693
6 30 189.9934262902649
6 31 447.5209967608237
6 51 8.873007331865969
6 54 146.20612907647262
6 77 10.27959601345501
6 79 27.308763481162018
6 98 77.18225889809227
6 105 155.61005101295626
6 114 278.29012398981365
6 122 95.33406801674712
6 129 16.347074417697275
6 144 23.616353054165845
6 155 37.91636141525404
6 159 86.90607086966769
7 9 78.85054903235955
7 12 410.7751043953102
7 14 114.03829559840159
7 22 159.0896022555234
7 23 110.1212076055589
7 29 221.34560000316435
7 33 79.73453626696072
7 35 160.09599108144724
7 42 257.20444109577954
7 49 12.237897270234836
7 61 24.790722570193978
7 70 98.32966786273542
7 99 0.18182127328111194
7 101 9.821287608989515
7 102 13.126545285895205
7 108 63.36182909943777
7 121 402.55180559320974
7 122 67.5152250955492
7 126 48.229929602647296
7 150 0.580262756948253
7 154 162.17919884622623
7 157 18.324736560705755
7 159 65.04066364483072
8 14 211.74704732038123
8 18 49.44490697961776
8 30 41.86913068716664
8 32 17.169242626061777
8 37 5.161831413966051
8 43 115.5064271396038
8 44 168.3847403802901
8 51 88.45976220123059
8 58 1.4665227855332585
8 69 42.269549164789154
8 83 38.903928453231025
8 95 30.793982881710708
8 109 96.2222902339964
8 111 22.793217675464195
8 126 27.07898426813615
8 131 0.22508710776397545
8 154 77.30180610481875
8 155 231.64601406125115
9 11 8.497137696988762
9 26 13.787735149996154
9 32 148.99932777102552
9 67 20.083889701986646
9 70 191.86081776839382
9 73 72.3490544399581
9 82 9.806023609349479
9 99 156.96471445969425
9 123 122.59702123054375
9 126 146.1634210259236
9 137 106.90211759312496
9 145 45.87935237784028
9 155 26.847909840704634
10 11 86.9113636180008
10 20 153.4606562084382
10 28 76.24675759475969
10 29 58.828305163605485
10 30 78.03864303367509
10 46 8.13279957447741
10 63 12.50457937078339
10 74 12.820736487139998
10 75 227.30229828156592
10 81 129.50354296522895
10 92 15.849882644567469
10 100 182.593170516461
10 113 128.11099348280905
10 119 9.96795364109206
10 124 58.96593517341158
10 126 23.6839915373663
10 128 90.50228124616538
10 131 66.47185753885022
10 135 16.408437956117172
10 136 116.63810589490004
11 15 69.93250785020068
11 20 21.77243329951142
11 26 197.54765739175184
11 37 84.94593143508787
11 47 175.13953114566496
11 55 61.499608462430054
11 57 21.866199930778603
11 63 45.78264728348197
11 71 7.643412858238259
11 86 252.82926857871948
11 88 58.82458141884478
11 95 75.34006705447138
11 111 110.1289792243629
11 112 119.34377278497719
11 118 209.77665074111692
11 120 45.04026109474309
11 131 144.46495902560116
11 145 251.99704912022284
11 149 22.530991539748932
12 14 84.43314414230944
12 21 41.702679618983915
12 39 75.82304203950295
12 40 95.63491861414447
12 53 98.27430371963601
12 59 48.89672634897847
12 77 42.61157347638327
12 84 98.66671870801751
12 93 15.796451040871842
12 99 172.53602702604456
12 112 68.76139010197875
12 126 114.59337362656515
12 130 83.06147213163312
12 131 72.09263469098448
12 155 15.721087492916848
12 156 319.86207291698446
12 157 49.43662578095354
12 160 81.3561748697587
13 20 91.64969489572618
13 44 281.2573798242507
13 46 187.32583458363612
13 55 41.326582167065546
13 59 9.727814226598865
13 61 53.695227310664315
13 62 50.93193049493742
13 64 29.13209269769933
13 66 54.89561717691816
13 67 47.941030603873635
13 71 215.82143838923747
13 73 251.72038559512066
13 97 131.12520230026337
13 108 62.981413986437644
13 117 110.93976101406739
13 120 638.5316427031788
13 123 178.6560571057215
13 135 90.0251797030465
13 136 35.95199544044617
13 144 99.6692564019826
13 146 41.218303878774485
13 149 67.34928775162557
14 25 25.47900843408269
14 30 0.28448281093032596
14 50 26.330127170755198
14 84 276.9699054124693
14 93 6.285703314472343
14 95 196.63254141722996
14 122 57.10724613886292
14 130 3.4585804667063793
14 132 62.725314063581784
15 16 45.68109733133886
15 20 128.00087858003613
15 33 58.1811537691809
15 35 37.84524558314988
15 44 307.69316204907574
15 45 20.002137491797324
15 61 35.06424343485676
15 70 1.916233866263901
15 79 50.43306758597353
15 83 11.926119006475309
15 105 97.32502363997854
15 107 27.84077771998366
15 114 38.146147988906606
15 115 73.19178341768543
15 136 69.28622982015982
15 141 72.63551110347355
16 50 252.21891337787793
16 56 91.58596409725614
16 79 62.73637885455894
16 89 10.783640004232364
16 122 115.23987041761686
16 149 102.96238594837894
16 159 16.27637728040608
16 161 2.6630506555218036
17 60 7.338614096543528
17 72 112.9752144737553
17 107 148.5693914555709
17 117 80.00605006238746
17 122 40.35213165459598
17 126 0.47274116248041564
17 148 147.83386381637445
17 153 13.468467964311982
18 21 91.34445288285714
18 37 76.14577455517723
18 48 29.275308091315097
18 55 83.03263901889184
18 56 53.898514845357035
18 66 75.80690701298762
18 72 52.88218278115118
18 73 9.580215282742556
18 93 20.680617521921285
18 103 130.80944234424055
18 131 12.574856265447208
18 147 4.674513733850748
18 148 18.215486929578017
19 35 8.916541719366853
19 53 123.11446250565297
19 62 22.392753929040623
19 63 161.85487228561223
19 65 23.46029859221541
19 72 34.55624764141703
19 74 22.56739545169544
19 78 28.21047813718727
19 80 174.14580742899273
19 87 17.95316546368153
19 91 199.0212666352545
19 101 46.314617325594504
19 102 258.58281769812714
19 104 181.78867412306698
19 105 4.390093901650428
19 111 316.7340336604002
19 112 289.2508013815643
19 123 33.750956524903415
19 131 41.10946418378538
19 133 15.381229325069441
19 135 3.6125380261501885
19 139 78.02817265927379
19 143 45.48962530414311
19 151 315.87069684496635
19 157 91.80706086404436
19 158 6.870856793182739
20 22 150.0895429200095
20 26 14.149659862765834
20 79 36.206689799952365
20 81 27.29987481505794
20 87 116.87034946494987
20 100 189.97403264441826
20 117 14.298613080277676
20 118 104.10334997366947
20 123 84.39340382138752
20 125 150.98919110197377
20 132 11.49140732510261
20 136 453.9973103547685
20 137 88.16299714684185
20 151 13.322183556628163
20 160 37.777447542032085
21 54 17.576450680053362
21 55 3.0742577344029347
21 69 9.57971045071435
21 78 37.292454282510356
21 84 13.191864789359427
21 87 7.728478874945937
21 95 74.8435617975872
21 99 0.8025734205174545
21 110 95.54788824969964
21 117 123.98483553189772
21 123 12.172909698710136
21 134 299.82010465389857
21 146 182.7547803166269
22 32 157.6878744182368
22 44 6.47394796681356
22 67 1.6689979409451237
22 87 117.69719346706462
22 117 15.7632804094756
22 139 74.43255141003232
22 142 24.028959499198013
22 143 66.04252332082764
22 152 86.9113450695568
23 30 31.207912334037946
23 40 150.70057031131432
23 56 49.40116876059574
23 74 47.130050298237464
23 83 95.82440762930811
23 91 52.157161218595114
23 93 6.94539786607658
23 97 48.37199615835502
23 104 82.46618163740686
23 107 59.75641207369501
23 124 35.51731046492353
23 129 124.09991430569367
23 143 8.003176153701487
24 51 36.147816958877165
24 157 171.9953003527565
25 33 70.37489604076583
25 51 123.98912252571844
25 75 119.7648384505995
25 83 199.35058925161496
25 103 90.49223928776604
25 106 19.293853800391094
25 124 32.10226083319165
25 126 10.307091479411245
25 128 115.83400098495895
25 135 20.05011269608712
25 153 88.77112130374721
26 43 76.0385153050998
26 44 154.9628143881856
26 84 130.65987080651868
26 86 0.7357471957859933
26 91 355.6712946014185
26 106 53.309365520870045
26 114 499.4735237589297
26 115 273.3239240050613
26 134 31.917850066894626
26 148 133.15429723289105
26 149 68.00204842578856
26 157 110.6844079382749
27 45 30.111740344270068
27 57 35.713587388394075
27 60 68.30371586068313
27 75 48.89550057315345
27 79 0.28240661179159454
27 81 257.9783534670658
27 89 19.69989147594193
27 114 26.17581024787441
27 117 110.67000139124133
27 138 76.85886013278655
27 143 0.14699353345905367
27 161 127.242207166315
28 31 39.525133014521856
28 35 139.0121326708949
28 53 3.694129291844732
28 63 23.190652584542118
28 73 16.027813260772476
28 75 34.96651350961539
28 80 95.40630449809326
28 102 65.24416035003635
28 103 75.47311646620298
28 119 8.144312022966393
28 124 23.676296507475143
28 134 28.05180711866063
28 142 75.63292087868868
28 146 8.384798707560043
28 161 115.63968152572676
29 39 2.692026048224393
29 46 84.4674582905418
29 49 34.80883649866651
29 54 321.1044649330502
29 58 202.17004464889334
29 61 18.017402904875382
29 63 37.151896531078194
29 75 74.3209355823239
29 78 42.59993425907578
29 81 29.044388328279908
29 82 263.1859323438332
29 100 35.636439525402224
29 116 23.2672080051016
29 117 205.94376601629278
29 127 6.743507804456488
29 129 111.15578075575588
29 159 27.52431743450729
30 33 101.29003618309402
30 34 138.8469241759224
30 37 264.4016399992626
30 60 101.0799154652264
30 61 33.46402917783585
30 66 200.546102977082
30 80 135.80104369603643
30 85 108.03182786015256
30 91 29.590569867802852
30 93 4.42250772113712
30 110 102.46000519997622
30 111 188.9189333044617
30 112 39.329029191408324
30 119 81.51110411914304
30 128 87.62604476789801
30 131 56.424995704594444
30 136 113.95040044974705
30 140 119.62189922882358
30 160 54.000671225831475
31 33 153.61982981191497
31 38 17.144088785167263
31 44 41.36393451327191
31 46 0.9408882514348705
31 63 174.49022940752417
31 77 48.759373020843825
31 79 87.38694019475328
31 82 41.769869638872
31 114 8.153998374997064
31 120 32.13749550131691
31 124 18.63403251862835
31 133 35.18259189336968
31 135 106.45406686185312
31 157 157.3728223113615
32 33 14.547913093228795
32 49 36.290695670385375
32 55 69.0053494400319
32 63 13.672764609981673
32 80 0.2539297862932806
32 92 30.51139925659739
32 93 0.5860330624349149
32 135 0.7855543863610883
32 140 2.0334354147379656
32 141 9.62730167395754
33 34 9.125346995531201
33 37 18.663216318998842
33 44 18.551023167405816
33 47 45.7821319022552
33 57 86.08557316719822
33 74 19.8992585726696
33 111 32.857180888651364
33 119 41.42751502531635
33 128 24.02157881998547
33 139 119.83281570953174
33 144 34.708779416351845
33 153 8.23934814016727
34 35 65.04703345033889
34 40 16.135646140303916
34 42 272.86655007263505
34 51 16.36054349753317
34 53 89.96019089185593
34 56 76.21619879846044
34 67 7.078251291789984
34 87 202.2939527714986
34 99 91.15100471071426
34 107 35.28664590203729
34 109 125.86981245630973
34 123 13.287562813146064
34 140 26.29022340323506
34 150 461.4945812228358
34 160 71.60520633155751
34 161 52.451429168086655
35 45 25.45667749867547
35 54 42.893229337767956
35 59 116.40000796274371
35 62 53.17213559585901
35 66 77.83198797522734
35 67 44.120505330083546
35 87 79.78287738345304
35 161 19.037286648717178
36 50 111.63737249831178
36 84 20.71818114115175
36 87 109.76842300971455
36 88 42.77252007365082
36 92 39.67978699142028
36 122 121.07637417207084
37 39 118.00261278042802
37 40 50.60035679421555
37 50 76.7581830530274
37 53 112.12925621351243
37 55 0.12333112504833722
37 59 22.310766730961387
37 67 84.17374543267371
37 83 1.7647039289056499
37 95 54.234123647311584
37 101 236.43539020338864
37 124 12.128476945429695
37 130 123.34894590195785
37 144 55.92811588223568
37 147 237.7519781763278
38 52 172.82487968220642
38 83 229.13310624557442
38 89 72.98604354216569
38 92 0.43563047123403864
38 140 123.21548750729052
38 148 79.77766760224182
39 46 84.37219015555011
39 51 99.56701603000494
39 63 23.28557219146021
39 64 144.5439389002922
39 67 15.66146364627197
39 73 6.978335432237255
39 94 35.1201160847431
39 123 60.01900489958574
39 124 12.176897392627263
39 134 32.703046920928
39 144 22.89084790605457
39 145 38.96769961824442
39 156 26.7293505292279
40 45 47.53075242123763
40 51 268.1413610681884
40 83 219.53407887894184
40 93 46.77870675736723
40 100 66.06366401711227
40 107 72.30144545472261
40 109 4.438490023994484
40 117 33.40686117717632
40 118 198.43244141107343
40 126 68.39221651458492
40 128 17.828456221206537
40 138 114.94451564843835
40 141 8.018187179805828
41 48 12.478239472283086
41 57 73.00126307687118
41 62 2.819361106787062
41 67 95.03900544393464
41 95 24.362311624584585
41 101 12.911207276418205
41 119 281.0168564754296
41 121 62.00198568037322
41 129 260.66970416227974
41 135 20.11298980706234
42 46 114.57403478380851
42 48 49.83750374044774
42 66 92.38214928250626
42 69 118.1851177509264
42 79 84.86060520021967
42 88 60.84164156264707
42 91 63.39593587293984
42 97 100.3850462173927
42 107 9.69155754969084
42 123 21.930273105480453
42 131 11.39455128800921
42 134 30.704845948158766
42 146 0.4268180597415296
42 149 1.3051147994302954
42 158 16.06295170885393
43 44 117.52466252798683
43 47 206.4207040977264
43 55 133.39645367030215
43 56 0.2355347340333567
43 66 26.453403839128555
43 75 64.3118282940154
43 81 102.59669969834673
43 85 12.811232825988244
43 103 92.34753583371878
43 113 121.53229146528656
43 116 63.8923181368289
43 130 26.286266834246735
43 139 166.76069820948777
43 143 101.76951597034204
43 147 1.834372727068063
43 155 53.35887032429551
44 54 48.54874215208178
44 63 4.365803144803556
44 71 18.8073795024736
44 79 101.7210632664165
44 87 34.81410524312717
44 90 328.67022947228094
44 92 22.069165247427513
44 93 18.0459615461843
44 99 32.453957365033745
44 106 27.683214692919652
44 111 8.786846225712836
44 115 29.70546917667679
44 122 24.451916469783644
44 127 157.1181314540783
44 130 79.61487829274121
44 135 58.062719264746136
44 140 52.19277230971774
44 141 151.8847145484932
44 145 82.6506489555586
44 149 15.082287169054936
44 158 93.99546362421228
44 159 58.5849654027686
45 48 5.603056403819924
45 53 26.902518830046173
45 57 109.86293555260727
45 65 114.37588262520033
45 68 542.1327683529172
45 76 196.6602853797907
45 82 33.402134215159336
45 104 29.153436630963583
45 111 23.2775536600143
45 117 83.87669071723748
45 122 60.4358601229586
45 129 30.584612443465844
45 131 21.886195163374733
45 144 161.2096535430746
45 148 27.73960743681252
45 150 9.978594282480255
45 156 339.05042926302747
45 158 171.13423189281073
45 160 19.938476964495216
46 48 99.8746787065839
46 50 96.52573319024451
46 68 32.43426889447519
46 76 42.729846467433504
46 82 60.382292112792385
46 84 163.3672257689045
46 96 170.57161659681591
46 100 105.12436435278627
46 126 158.2039775774179
46 159 112.12241359316462
47 48 35.15156579683134
47 53 48.93825596164207
47 55 1.529567987718173
47 57 113.92456139738806
47 61 11.178766706803515
47 67 6.036773721615383
47 77 169.87609088169634
47 87 6.155724367018099
47 134 18.259889659127516
47 143 42.560532990508335
47 148 11.627322592476524
47 149 115.81878636988999
48 53 47.030862980896735
48 61 28.862329438055102
48 65 26.83255339424621
48 71 51.377329006150426
48 93 49.75681956715553
48 97 37.63447408397857
48 103 165.2414203127937
48 104 6.730243953525071
48 122 80.11196314035033
48 125 78.62593178676728
48 136 37.2333636179373
48 141 179.1738341442972
48 146 4.859699918311008
48 149 65.95539158823925
48 150 0.24519398035126108
48 156 83.45975277682209
48 158 94.57715959909014
49 51 78.06126870278342
49 52 24.449738643913967
49 59 10.672558476593947
49 81 89.24799320240425
49 85 43.32004169563415
49 92 180.45864690805132
49 110 8.246497697274297
49 123 84.06030055575661
49 127 38.28658315840893
49 131 137.68947018854854
49 132 101.15491319670966
49 144 29.20312477597786
49 145 61.2590223110807
49 149 88.8460562052488
49 159 149.09955112297192
50 60 10.166465160672399
50 79 5.822186351121492
50 91 82.23091369835599
50 97 62.338286266738066
50 111 204.31824293048732
50 118 20.522961425434655
50 122 51.06178540737388
50 141 93.06498452869035
51 66 31.1788844024721
51 74 24.996229145688147
51 78 60.64522945949221
51 84 65.70338252866675
51 96 35.653848389363795
51 110 29.078599333567446
51 112 56.83362338432158
51 118 89.14231658221543
51 121 46.3465169552317
51 131 139.9343407239428
51 143 44.90903683660649
51 148 3.1389223494571272
51 151 27.616542018586298
51 155 294.24375801282633
51 159 76.43402051928503
52 58 120.94566708178067
52 62 32.713312720470526
52 67 185.825433187463
52 90 29.991523087853825
52 93 42.064388404995746
52 119 41.54667060981944
53 56 12.61621125207239
53 61 29.025882688464442
53 64 27.61058049732258
53 75 58.0918974009635
53 93 35.03093374754762
53 100 72.69086470558841
53 119 117.71205663105977
53 142 40.740583736115866
53 149 215.0060446144475
53 154 144.25122220354297
54 63 20.320942576528378
54 65 43.646031228797376
54 77 106.83610291286566
54 81 2.886366426250684
54 125 24.50246376345695
54 150 100.77061334317534
54 157 0.3406931395175508
55 68 173.04464578302264
55 72 68.17422363413874
55 76 28.48076504690025
55 105 9.156079732337647
55 113 79.21080550168006
55 115 304.2677739456244
55 124 20.611108373848065
55 132 113.17498957636442
55 133 18.670523860765872
55 134 10.1921840214494
55 147 235.5418908153966
55 149 89.80562403743647
56 62 208.5910436715349
56 81 49.425259829344746
56 114 30.631998663279713
56 117 10.727861999142126
56 135 23.593729715938178
56 147 27.72515644563797
56 155 16.952817780576215
57 68 66.90726801662882
57 73 159.99349776048277
57 81 65.74197682909663
57 89 140.79602350835927
57 93 5.554516033188961
57 99 60.21227722285945
57 116 131.89394045451982
57 121 81.86780360462208
57 123 10.725263280858142
57 136 6.331953959229344
57 148 383.75653131123204
57 156 70.46128941701686
57 159 15.743855962889564
58 59 41.708368712363374
58 73 373.09325669234164
58 91 4.047616309877922
58 96 81.42605921865146
58 113 61.91778640139327
58 136 7.33752460821891
58 155 115.47826535026711
59 69 129.59575075550632
59 78 6.192565588747468
59 84 218.22492873128954
59 91 20.355803043244215
59 102 13.427228986739747
59 132 125.4335452745016
59 134 298.96226460854575
59 135 35.63325724998376
59 159 155.87637199555746
60 61 16.834311625977175
60 71 39.494368264857265
60 80 57.34615911644155
60 81 16.10377169311145
60 103 31.352777287993664
60 114 2.869059715740646
60 115 84.95126843588541
60 119 77.73005148793779
60 121 200.96391623124265
60 134 86.02492403967328
60 135 50.27010575599665
60 140 134.90145581153416
60 146 151.7637926388153
60 153 14.098939143170867
61 62 55.47090917832283
61 67 4.743539723340471
61 83 6.70768988291111
61 84 60.34654011933889
61 88 42.05708898219696
61 90 25.790942869507322
61 92 20.425444207969452
61 95 94.53967103319484
61 100 47.615891594964324
61 110 51.114925127387636
61 119 74.69703226890324
61 125 59.03456710701205
61 127 61.502965438319556
61 134 140.55349515082224
61 139 49.036410426468926
61 143 42.345957905839626
61 150 54.47611723804796
61 153 24.723744636695873
61 160 21.606627148970055
62 64 37.531861788587605
62 67 115.294575233365
62 70 57.53764707078899
62 80 52.409901737232474
62 93 53.33304398188929
62 114 34.658873446339356
62 116 100.84739639039002
62 123 54.738356030587404
62 145 4.838760725201028
63 73 64.83107901884438
63 75 281.47297402422106
63 79 56.55378162651739
63 83 4.76873960979322
63 88 62.55450310177538
63 91 272.2030197368935
63 125 12.621620753294549
63 131 38.423229486529465
63 140 2.099682175232088
63 149 433.624027531491
63 151 97.1392820788003
63 159 189.37074412725582
64 77 5.784841085062227
64 80 40.080123152773666
64 85 33.14223641397281
64 122 53.07060889641807
64 128 80.51409390004935
64 131 392.7053739838639
64 153 64.83980047739594
65 88 112.1885949015235
65 90 44.46824731855547
65 91 81.350751573103
65 95 17.966046498154668
65 98 72.0674223754507
65 105 4.125599036928186
65 129 88.76134771502545
65 143 119.93763510687748
65 144 19.107698290899144
65 148 92.99983853251278
65 157 460.79724574652244
66 110 54.536866188451846
66 111 87.90853085280801
66 116 68.75503064577907
66 119 32.94152386010948
66 120 134.51687223654636
66 123 26.18190176049729
66 126 89.47345519674003
66 131 143.50081101905164
66 140 8.09063878690432
66 149 158.02733886710482
66 151 130.69742612080103
67 69 82.22338708322597
67 76 312.7335395630229
67 100 143.92118770134394
67 113 62.31381223490361
67 132 41.49427936523037
67 136 51.8986186724674
67 143 73.56191668120026
67 151 3.1462270822449794
67 153 93.47575835365828
67 156 129.18935462765543
68 84 29.744470356534233
68 89 31.73365712962634
68 122 134.41275625363377
68 126 327.272924202804
68 150 11.161387868876881
68 157 37.277330347542495
69 86 132.10810220285734
69 92 480.05249762723935
69 93 27.99527520527862
69 94 22.65214093040617
69 98 46.13684562125967
69 109 216.3667964832772
69 111 20.825118641889027
69 112 34.33025386689522
70 71 38.39089993522345
70 77 42.60440912754116
70 82 24.788753630506623
70 112 57.12681044846039
70 132 29.741586840685592
70 133 14.091012928940446
70 144 165.50313078413865
70 146 35.93887720716059
71 72 85.1648044657045
71 77 13.456157059495865
71 85 54.34675876049729
71 92 53.71402827109572
71 95 0.6040271011050358
71 97 75.61340250721486
71 134 234.06833041321485
71 142 58.68216583163878
72 73 8.99632829390704
72 86 91.40595365979667
72 87 189.13241880796144
72 93 180.58472169351327
72 116 104.4413500146662
73 74 213.61838739348283
73 82 151.32153548024124
73 86 233.95626056939656
73 95 83.58860418077734
73 104 288.82856844138183
73 124 70.74957817111842
73 132 104.65993847514632
73 136 1.9611582381853019
74 79 52.59622179855142
74 81 226.39522717419712
74 94 40.84097837913396
74 95 0.3647697561349677
74 97 22.321144621680517
74 114 12.136825453274774
74 126 17.89662756632133
74 127 81.67638813624048
74 130 7.639613343289659
74 132 7.616925701950184
74 139 62.964487336605686
74 149 22.201571906388413
75 78 16.704612622775166
75 82 63.077862802854824
75 87 107.36672312266126
75 88 54.257465868095
75 94 170.52153161707233
75 98 90.22055340750127
75 107 171.2612725109343
75 115 85.89099464605232
75 126 67.27425978138436
75 135 16.766265524373864
75 141 45.19100838290509
75 153 2.714539615007968
75 157 128.97277731497834
76 81 25.858118703405978
76 98 49.19111058406501
77 92 96.37252015870246
77 95 33.522076273320266
77 98 166.70780853284236
77 109 15.309391234745853
77 111 4.088619016655059
77 131 33.239337116409324
77 140 145.72565110334338
77 149 10.457649292819227
78 84 20.341992319532746
78 87 2.7595889671072746
78 93 8.660073135426869
78 122 17.027850433226696
78 126 11.473302534281022
78 131 44.72671983885081
78 139 85.34103558388597
78 143 1.8491434743289
78 144 23.13451840692981
78 153 77.45319121416316
78 161 9.5011336775275
79 101 279.3230032328861
79 141 16.331684660779043
79 148 25.481746666808846
80 100 21.780970471381952
80 112 28.46830584599424
80 116 76.1170244573457
80 145 176.34129646115875
81 89 6.3992678971761086
81 106 87.79030254684605
81 131 56.02994550970267
81 134 220.2565033147681
81 135 32.161800897322124
81 155 194.88636652185195
82 98 45.1975766198761
82 100 17.72656861563685
82 108 22.488837563786788
82 115 71.17683218107878
82 124 174.652181187471
82 126 39.82228667268159
83 88 18.929697069901298
83 89 14.733636984530516
83 90 0.8868376850351106
83 98 39.34247750567478
83 99 57.19461431405415
83 112 9.197387915312586
83 125 84.05313752764391
83 126 20.85932701125481
83 139 109.80812384609224
83 144 446.4839786819632
83 154 126.20910611668899
84 92 43.93166870883533
84 100 143.79258760527273
84 104 205.44160264895055
84 113 21.786973719191277
84 126 9.112892850061849
84 134 94.31943771912074
84 144 68.8988622629442
84 149 95.2886901431792
84 151 105.3610113049546
85 87 84.98695699761112
85 111 16.265742654012705
85 134 9.880705145658492
86 93 315.30795523181723
86 101 30.441853026955748
86 143 29.518631983171545
87 104 36.71427890141051
87 105 37.75947666690736
87 106 3.3046412640959106
87 110 43.0161637782776
87 112 21.1710436986159
87 115 50.698780018433396
87 120 98.99992640265714
88 93 113.21058928756234
88 105 43.83410242513403
88 125 35.46974347762613
88 128 14.730086121911471
88 135 37.902375227757545
88 140 8.705510651201742
88 142 208.8459443048137
88 154 14.70096693645132
88 158 63.13027866846506
89 94 36.02602258086768
89 103 131.94852330812
89 105 47.393889311413915
89 108 142.2278312679293
89 110 22.714427627503156
89 111 36.209930630817155
89 117 121.09056416454958
89 128 5.80144816118199
89 131 141.4523593053158
89 132 132.17740338095822
89 144 37.99175184964192
89 147 631.5201338150392
90 91 11.521684998778149
90 111 612.3040925817659
90 112 95.70591093880032
90 113 21.09559711616694
90 155 82.34637973797504
91 95 17.919457467355713
91 98 61.05536605688782
91 107 325.7052506908699
91 111 72.81325164145798
91 117 202.70271335843577
91 124 88.40086356756856
91 148 8.293493703294315
91 151 29.11774334320918
91 154 209.42614089775444
92 102 74.68221133268999
92 103 32.787651133503076
92 114 61.45170890378169
92 119 64.44202488321692
92 123 92.49986190578808
92 124 38.4940893357436
92 134 108.99047781282867
92 135 2.6367319180773263
92 141 47.46734236672079
92 144 24.148292086439618
92 148 124.16410167635154
92 155 60.1423614445799
92 157 34.105054533402445
93 94 7.039228371957998
93 95 118.39970136230656
93 121 118.70916667859828
93 128 16.32109732089624
93 132 125.91000652668578
93 136 42.899326651980004
93 145 55.80194369980763
93 146 50.49583380614431
93 149 257.7560741649856
94 97 21.361233407865065
94 110 1.9732109279928214
94 114 151.85937538701833
94 119 25.086495125099262
94 126 4.554585400370998
94 128 7.688083610698402
94 140 35.51565637302684
94 150 24.63383006421595
94 157 81.87791443399237
94 159 4.8575940901378205
95 98 1.5769748066439688
95 107 189.70996098500933
95 113 95.96587135956644
95 120 116.11863559195098
95 131 9.75998282585677
95 135 0.22624589640207338
95 151 29.895925908147994
95 160 49.13048045099029
96 105 41.20725797641013
96 149 110.08120437113725
96 151 255.59652274268046
96 155 20.300833577920052
97 100 166.22358557691427
97 103 25.710817778090437
97 104 53.09854268027731
97 114 27.774481901049043
97 128 44.15075436970945
97 134 11.82338571861229
97 144 5.664808093082181
97 146 123.15346826917319
97 149 17.61638564299797
98 100 3.537333724403084
98 101 98.51224830520975
98 117 43.70751551023183
98 121 36.91476018994316
98 143 2.194708981207152
98 149 78.20358886386647
98 153 2.8497670265571933
98 155 40.761405468628546
99 135 17.71834702673877
99 142 117.37558703581257
99 157 158.54062017901327
100 103 453.15695759235314
100 111 0.6323628717803549
100 119 9.928512902244668
100 126 29.157761647511283
100 139 1.8931342112580303
101 107 97.73644871179148
101 108 19.99512148766522
101 114 71.97452575246444
101 117 43.26320318834498
101 122 18.1124832712127
101 131 2.2877187879484593
101 151 184.28190611529408
101 153 2.681795147889882
101 158 31.673320325333414
101 161 36.86472792912452
102 121 367.01930224332517
102 156 82.69875647002146
102 160 99.33764546349859
103 105 19.661419686619972
103 125 132.3225315685884
103 126 7.624110824927361
103 133 6.829373045549895
103 141 67.81554469255018
103 149 227.25870460783077
103 150 68.78092336285111
103 160 68.26157404173323
104 106 19.051689378736633
104 116 221.3718958980326
104 117 257.194985703259
104 120 101.09353680837411
104 129 31.677909606207553
104 136 1.170000077175778
104 143 123.18584304807572
104 145 80.18118392156813
104 149 5.962164573781663
104 153 25.376653573211257
104 157 94.42345686893175
104 159 132.5015632151748
104 161 8.92061513017975
105 110 692.2618099640932
105 121 228.19835334968602
105 122 57.64692275106012
105 157 40.45759437144961
106 133 83.21838684513247
106 148 86.92129679198156
107 129 50.61097189944268
108 115 245.26020479981412
108 123 69.36456547361526
108 140 146.88383697689918
108 149 266.06467550043754
108 157 11.970171510177515
109 117 10.720190434494725
109 123 46.586126281165406
109 149 55.744859751011795
109 154 120.3579430166836
110 125 38.22275112208875
110 136 16.55031233917885
110 147 206.71075415912574
110 151 247.73249550823311
111 113 19.51862742560307
111 117 340.3363233803988
111 121 78.3450908675966
111 125 116.38744536950466
111 143 97.28576409375412
111 150 73.95751947758733
111 151 130.83072765178005
111 153 28.454680974651712
112 115 149.93833127707282
112 121 231.15035327146413
112 122 75.68808036562788
112 149 41.57029840216838
112 155 8.721343373889903
113 122 18.406102819169266
113 141 47.93773274794925
113 147 46.43324599420394
114 129 57.633669868655076
114 131 36.52931058307866
114 134 317.2985775110986
114 146 22.79541265588242
115 123 121.35863800161317
115 132 336.50014373218005
115 144 9.359362167844832
115 149 244.7388112977583
115 151 92.03076708962845
116 117 56.665341826359075
116 149 107.42073384446822
116 160 18.40535613101962
117 134 60.152963317559845
117 137 12.862470004058908
117 144 30.83113674791837
117 150 24.87253012600281
117 152 36.25026166589122
118 119 6.706892902892572
118 139 85.36647109252714
119 125 160.32514244224788
119 133 58.959036980446285
119 149 14.491882619407857
120 124 23.0606079557413
120 131 22.68294989723741
120 134 5.7581736705872055
120 137 65.25308037998818
120 143 64.49037361734796
120 153 19.276591920772876
121 123 11.767980279442513
121 131 31.849464940943104
121 132 44.04622150511732
121 149 108.46392711368075
121 150 37.16020552801977
122 126 108.89250993868696
122 139 36.33110457023241
122 145 12.732564878258943
122 153 12.09034873138071
122 155 54.46882486037573
122 157 170.81897941499884
123 125 9.831228409483101
123 126 141.18773988857674
123 136 1.6546494415829294
123 137 0.9996016582541304
123 147 276.98705332819867
123 157 55.72712416550304
123 160 4.926182306819125
124 127 141.48794197202358
124 129 24.279349631888692
124 130 62.55415261872083
124 137 14.872802608770868
124 140 86.42199535415428
124 154 10.488822021656858
125 129 1.417286942364661
125 132 255.41970877471613
125 135 87.49501411069757
125 137 32.583251183326844
125 146 62.155236143108326
125 149 44.372554825097104
125 153 29.223214814083857
126 150 106.58826281606342
126 152 34.23231420467095
127 143 53.302663327702874
127 154 23.293807817354775
127 156 104.55005324095406
128 132 12.263544599915765
128 147 8.61112297375694
128 148 31.612444433336044
129 150 366.4218669799562
129 154 295.7725985497878
129 156 52.76159536963612
130 141 3.4494430276278774
131 133 3.924217881211158
131 139 123.85970528106475
131 143 51.24132182698552
131 152 163.93822425953752
131 154 187.30089166582573
131 156 107.20334796883729
132 141 433.6439319116782
132 147 114.05147823097963
132 149 159.26733594926648
133 141 7.902845654391189
133 148 7.60854847109283
133 153 3.107357092125441
134 141 109.84569510593937
134 150 57.195128064715014
134 157 136.4514672865618
135 136 70.50658670617096
135 143 11.983616832004248
136 143 130.4011400256288
136 148 20.491597838946554
136 150 143.37621928021116
137 139 60.60885947842846
137 143 48.86951645692013
137 147 125.9803214086598
137 154 48.61887609530805
137 158 42.47223681614632
138 144 22.866308350598175
139 144 12.94828569995619
139 158 1.1390608931995714
140 149 5.750318173699677
140 153 195.1904614627373
140 156 308.7639352358485
141 144 140.51204369874876
141 160 55.60656850527338
142 145 30.430722943998276
142 149 3.223353948580716
142 153 10.989820476029765
142 160 146.57570494911934
143 148 41.464445752330775
143 150 296.3237636380166
144 146 10.961543187011317
144 148 6.792058955138729
144 151 139.46091963462504
147 157 24.312658770221304
148 157 17.381828444509537
149 157 39.629951189723684
150 157 144.17109794687093
151 152 162.8884429024516
151 154 124.12082401607846
151 155 13.53373570831856
151 156 98.26464575402129
152 161 67.82631948882367
153 157 70.16270102815018
154 156 131.54652925486732
155 158 19.464421130577666
157 158 40.5633020013668
