0 3 25.621554417277256
0 7 31.975818476932723
0 20 224.50626753842
0 26 146.71768539767402
0 44 28.762358311207535
0 45 83.81325993480134
0 57 6.003558170418364
0 60 21.49814673258026
0 64 84.33621885683752
0 77 72.659311194803
0 109 84.67139461936618
0 117 197.60265520032007
0 124 19.75178545567215
0 138 47.87126585056286
0 139 127.47614483898812
0 144 51.83349128689217
0 149 38.67023850782536
0 155 127.10194837740148
1 5 100.98433520712967
1 9 162.55142335221805
1 13 29.020193552495257
1 32 61.74237701842678
1 34 45.21600925888953
1 36 90.94854182574274
1 37 6.84371784734573
1 38 69.89463373018003
1 39 63.18449195446239
1 58 50.382102547566014
1 65 56.18545833915505
1 73 111.1670165104332
1 74 4.153913184730443
1 77 52.85615193989778
1 90 79.174579014631
1 99 91.15686957270708
1 108 31.460675900655335
1 123 2.2525075277031963
1 127 2.428186408152657
1 128 114.61240025846494
1 135 99.79720570252111
1 141 56.58468689528431
2 9 260.3698733429207
2 14 148.16781110154974
2 31 88.83030336543035
2 32 43.96545304894269
2 43 52.487091742475485
2 47 248.24259396771777
2 55 47.74481751933381
2 63 10.276358497427609
2 68 31.652725257395602
2 98 83.35420661358066
2 118 1.3062718362924017
2 136 107.2700433791148
2 142 163.48897512028717
2 143 30.327809687708303
2 147 67.53437545708361
2 154 34.20679800635385
2 157 177.68171521587706
2 160 53.91246434308409
3 9 49.9630029735986
3 12 37.615885951156656
3 30 168.7280143220498
3 39 170.85915400298356
3 44 0.5243672612999872
3 46 21.128086705821136
3 47 33.12934563203584
3 50 6.451486665460754
3 62 256.42529652750306
3 66 315.2030154004646
3 84 31.46801014787771
3 90 125.22797312892355
3 93 148.8725081278272
3 102 3.11398483735855
3 116 49.51878208264471
3 118 22.371940066915442
3 123 120.21300126852252
3 127 10.952053639781946
3 130 9.000986477701382
3 131 164.63374482842136
3 132 142.19583283971198
3 139 178.8025819691092
3 141 132.1374072007793
3 149 91.68825318202451
3 151 46.43323388818034
3 154 106.45509326978627
4 33 26.217555872190847
4 44 58.63369656932391
4 59 36.64278992538231
4 64 85.82369249716905
4 70 31.188758290237708
4 80 52.324580133649555
4 88 17.012024937770672
4 89 129.98258682776293
4 94 10.925431649862462
4 97 136.35889401133522
4 102 17.636433537570962
4 113 127.97341134554111
4 117 202.464787963331
4 123 166.64761381232717
4 129 77.18741230056459
4 132 54.45129291175044
4 145 74.28711412552636
4 151 54.977662618455604
4 161 100.17205661114933
5 15 53.49695579602031
5 16 6.681102681570173
5 19 31.297104889271285
5 26 537.2871954209658
5 28 60.152704796729175
5 38 8.534487755499873
5 52 19.155258290534007
5 86 30.91677227878969
5 93 54.67637351221031
5 99 195.5064971148401
5 100 30.580347612841898
5 120 8.150219917108053
5 121 81.87034515153123
5 124 31.325524011428563
5 135 0.5762847430586219
5 140 29.217117160858756
5 144 49.38126327225808
5 145 206.51238065126677
5 154 70.34095164668344
6 8 5.320170497704693
6 9 242.90203373553717
6 19 131.15807573535045
6 21 56.07357512402783
6 27 12.050149486896881
6 33 290.7128665483184
6 40 36.533224580397636
6 42 85.76154834838844
6 43 113.20081171425069
6 50 174.8458803252859
6 57 42.77251393034505
6 61 36.39287047500054
6 64 3.424790696543835
6 65 22.810860404652786
6 66 23.54039221875036
6 69 1.0722257729038018
6 70 323.018488016363
6 82 4.361506645859755
6 83 72.19626559268022
6 85 18.64439814538335
6 88 40.733892633141224
6 89 38.51958597896671
6 95 211.85412819791992
6 100 2.173449757942747
6 108 61.24026553897403
6 114 117.25108526714322
6 117 201.80584568788476
6 124 184.1244042005863
6 144 31.640519137452337
6 147 88.90748182299511
6 148 140.82131973077932
6 159 8.400940203476846
7 17 93.11387031254485
7 26 140.8247522356132
7 43 0.8577454774596368
7 54 112.75116802182654
7 59 128.55917472631438
7 65 44.05528891853468
7 71 34.46960081543905
7 88 36.037349972286115
7 90 43.73303649303212
7 109 119.4236226115884
7 122 20.18571992721523
7 130 65.09592275322179
7 135 67.47747958458072
7 142 41.237936425612105
7 144 100.21570332664325
7 146 26.653752552549335
7 153 13.327044423899858
7 154 10.839792194894473
7 157 278.2620069188623
8 13 386.21188793917935
8 25 46.67934162618263
8 29 19.3011212151457
8 31 305.73640786615516
8 33 35.045376797718475
8 46 103.32862728829691
8 62 120.21900905315252
8 68 9.55160441715917
8 73 37.9632979046587
8 89 124.01387138366113
8 90 145.74545035385134
8 97 24.00683460896436
8 121 41.053553478813235
8 139 13.746919567622372
8 161 187.8504825988362
9 16 192.11827980585073
9 20 15.289178997590447
9 21 21.888818569753358
9 23 45.83512977005855
9 26 23.61807645324284
9 35 52.99803020077183
9 37 91.90739680908322
9 55 113.73380723467898
9 72 122.02013009713151
9 73 131.50241790981997
9 75 152.28061046620024
9 90 85.90953856152453
9 91 39.56363002426575
9 112 109.29987068467666
9 123 13.550072243407191
9 129 138.05542225637498
9 133 131.16409642096025
9 136 29.351736170922877
9 140 113.86385028613671
9 141 297.97996944642415
9 154 17.43109855344698
10 12 58.80434252920835
10 13 30.38932531154115
10 18 93.48130865962744
10 22 15.60158216898833
10 38 13.26427824010802
10 55 122.68013165898164
10 58 98.22491702845835
10 73 15.093694076298341
10 81 97.30730048724138
10 84 102.3247582652215
10 103 119.57477907413194
10 108 25.410340135143528
10 121 6.25222088540172
10 126 24.412271802314134
10 129 58.62337973681756
10 133 22.771952914053983
10 144 51.73411152675937
10 153 164.35229260712956
11 15 122.67677601001233
11 18 224.5101244721611
11 24 113.18116626564506
11 30 161.44373280077977
11 39 50.003881913633705
11 44 27.951736645090172
11 46 238.28261582899808
11 50 191.73573114780856
11 61 75.22047308348726
11 66 6.422455436880702
11 73 425.1959214406737
11 83 284.7954730940762
11 107 26.15642337126076
11 132 153.79395850128137
11 134 150.10774904038394
11 136 18.31046723138826
11 161 113.33506887546392
12 14 108.97043560766508
12 28 10.67508537920055
12 39 44.23171557333674
12 44 29.226395179801127
12 45 21.202146148722893
12 48 80.05854546275094
12 58 11.931460479592284
12 64 34.58678572050133
12 69 48.05830127875838
12 86 62.885233209908904
12 88 3.3589234692284884
12 104 33.10525765626958
12 120 143.0371356532084
12 127 6.707217810553832
12 130 29.628122242073992
12 131 69.37747416299378
12 134 19.569330235004564
12 139 91.33390644634531
12 151 135.33506960162708
12 153 64.25271101644444
12 161 231.27634369771542
13 18 106.6163572485939
13 22 133.70469911886605
13 31 86.91319017303111
13 42 102.48018725815176
13 56 143.13934308668948
13 57 53.56992265351906
13 58 164.16682669788983
13 61 81.02483244731827
13 65 26.975434060724645
13 67 190.58966460376521
13 81 53.2913957446035
13 87 183.78202056996653
13 91 42.344943480086904
13 97 6.64184419231473
13 100 37.22583529193847
13 118 157.58352411990333
13 145 79.74898455569141
13 151 72.3253438619973
13 155 61.188362168246535
13 160 4.155054268710499
14 33 57.6902867297186
14 43 46.36073247249494
14 45 245.01770905654007
14 54 19.441468944521393
14 60 121.57312822328977
14 61 16.06875804570214
14 80 108.96049510338436
14 118 18.8760910705445
14 119 28.047139406059323
14 132 125.77054715007702
14 135 172.33239400570545
14 136 2.3177470169959546
15 17 26.568711210039126
15 19 59.83337260078655
15 21 36.37487975960325
15 25 57.5829433820454
15 39 128.05336893244072
15 45 5.309305964997897
15 47 10.370645930513149
15 53 22.65241048560333
15 54 148.4939694802657
15 61 30.83832087900438
15 68 95.37267083182824
15 76 0.5886895272744346
15 87 146.63900553391716
15 90 44.07359411072422
15 101 79.50586601971891
15 113 115.13571108920422
15 156 5.652079566147384
16 31 5.973790749594373
16 35 30.773708334482798
16 36 10.477906738922842
16 45 7.436509043302669
16 55 385.15081211617684
16 67 6.271443070316235
16 78 20.074307637208026
16 88 80.80471938532202
16 91 95.61561094705432
16 92 57.91244714377884
16 95 86.07514974533129
16 96 18.95207299426205
16 126 5.550764786971119
16 146 44.02626958112822
16 149 224.9321398450387
17 37 309.5738686541324
17 47 332.4284714333148
17 73 359.9561328631054
17 79 143.8341471330598
17 92 33.64512750287738
17 93 91.57051833789474
17 112 0.7343622886516967
17 117 127.37182216876316
17 118 226.89180278301367
17 129 76.3264955052589
17 132 27.03870619079921
17 155 60.03749150693729
18 19 15.17905023057398
18 30 36.43539624452954
18 57 147.81988891089833
18 61 7.012182729577998
18 63 14.869661473741305
18 79 58.521715367177165
18 82 17.981661180504478
18 85 14.308872994587304
18 91 25.20561626878396
18 92 73.736469023715
18 95 259.3897570844148
18 97 73.21049955804249
18 98 22.77796554452184
18 114 3.874038925316722
18 120 122.4868978664007
18 133 17.735176451658678
18 139 25.448212569387533
18 148 5.71255276133229
18 151 56.80080022627277
18 157 35.180379037899705
18 159 208.31142685215463
19 27 12.294311979716563
19 42 29.0735656163129
19 43 1.8065498860241191
19 47 5.516240016371648
19 51 58.443251506453855
19 55 370.0494847150139
19 60 18.230584792869944
19 74 31.474228541045548
19 82 14.590888479668573
19 98 86.72490720288691
19 118 211.54710684534083
19 121 427.7563466612125
19 131 55.59605362740083
19 136 90.19737779883184
19 145 11.714080256460479
19 149 57.78409647642443
19 161 264.30127049556364
20 22 18.30864714397947
20 33 30.409482900740002
20 47 133.8633135333253
20 55 145.68601186675383
20 59 101.1560199626754
20 98 37.67956854083015
20 123 239.95097813698726
20 125 67.63322001302544
20 132 196.75881646753717
20 141 136.1205722714869
20 144 67.40581296910926
20 148 89.40729727324901
20 153 75.88986028258786
20 155 85.89039688822534
21 22 19.6176620783885
21 25 2.4793610510905313
21 26 1.3693164279349268
21 38 12.223439775539841
21 53 12.807482614394862
21 91 61.14313724947247
21 97 17.291446249573386
21 113 18.88156009467896
21 117 18.355364698711668
21 118 70.88903690898661
21 128 1.130701463606757
21 136 12.354852366823504
21 154 49.6083253039187
21 155 97.92172071918766
22 26 14.785093000126286
22 32 31.933354536376196
22 42 88.52885157231596
22 43 225.8019621943311
22 51 8.111991990495818
22 55 10.831619778205075
22 57 222.26313220056213
22 62 141.5978419419645
22 69 14.18796564094543
22 93 126.67944536432904
22 110 42.861059425212474
22 159 51.805071966036245
23 36 305.23272263281154
23 40 99.10648152442761
23 43 32.9861890371971
23 45 80.31521012950994
23 46 200.1173339221043
23 49 44.249560531116785
23 59 133.7298325678765
23 64 70.28665634769044
23 74 63.52595642893771
23 83 60.082302772020576
23 97 83.83529107897752
23 103 178.2893595448309
23 112 31.13765492883386
23 126 188.37735527101412
23 135 147.59546320522225
23 145 50.161248589252445
23 149 150.48322964270412
23 154 143.4929347046019
24 39 42.53289376938977
24 41 295.6625918151896
24 48 1.9735837286906808
24 60 33.61556324348406
24 87 13.372032159435099
24 88 79.33933117932582
24 94 77.27883353882052
24 99 36.75041061778356
24 117 176.34432909117345
24 122 165.24723781900818
24 137 67.8490324235392
24 153 14.010485987446714
25 26 18.51737987823201
25 27 28.039815117086054
25 30 16.215612437893636
25 34 65.97989597556523
25 36 151.7822089467368
25 37 83.85830259067995
25 48 37.723710230180316
25 49 117.81117599447005
25 54 28.604287775692306
25 57 20.957760622514925
25 66 24.814309263564144
25 78 6.186411838098324
25 82 108.3914674762778
25 87 252.20856768626
25 93 128.99938721535392
25 108 0.12666691691675358
25 132 7.378266362292874
25 137 115.55810685759852
25 151 9.478552813156558
25 159 12.518802466645873
26 30 16.587817816580003
26 33 61.38867222482882
26 34 8.610836954659884
26 46 121.78545541323452
26 47 2.6439048331556534
26 48 106.8520858114017
26 54 33.172170986453224
26 60 38.529463092929596
26 94 89.96738013380323
26 100 152.73602431052248
26 108 139.71072964334581
26 112 267.4320080717883
26 124 1.3687879450536762
26 152 76.4224672173625
26 158 37.449086431885995
27 29 188.68504783233632
27 81 28.181233362444377
27 83 14.711437928945424
27 90 279.25524961865256
27 104 101.39457725364186
27 110 39.5730167019575
27 121 128.312705097671
27 126 246.3374948318094
27 136 46.303735355052034
28 57 10.6026514783766
28 65 12.644935897323851
28 75 44.71358056216373
28 82 38.432535732836875
28 89 14.175045312735874
28 124 19.039417539011247
29 30 55.925677841678564
29 38 111.90723191828155
29 40 46.34468582312253
29 45 14.285805123949261
29 58 78.26785907910477
29 61 60.86358335291293
29 72 42.073148307941096
29 82 15.82159466601326
29 89 58.96463581933465
29 104 35.123100349258856
29 108 191.35044825148114
29 134 12.988245673532997
29 135 30.424666184257138
29 142 28.284436237216546
29 150 113.40992274027226
29 153 32.82089062884667
29 161 61.17241656644805
30 33 57.67224772990071
30 34 202.11744565081253
30 39 28.988351906169214
30 41 18.540311805684915
30 49 102.84669818538241
30 51 125.40589923498986
30 57 20.399317099314874
30 63 43.064247070491916
30 64 89.3239760869381
30 77 5.323046862705063
30 80 88.9409460626245
30 86 277.90718797455406
30 89 24.43975500665023
30 95 76.57120232344597
30 98 63.48774772243624
30 105 150.6820016029473
30 125 68.92222754330339
30 143 34.037870915601424
30 145 157.4305321737189
31 52 58.894600077957975
31 65 31.262542497980682
31 76 4.9200125748396895
31 80 17.79873737630189
31 82 144.05656096085968
31 89 18.966990574304088
31 97 1.788199046775066
31 112 9.827998654179622
32 39 278.2000022301163
32 68 29.80366419880972
32 69 36.753558173992865
32 91 29.2162072962821
32 98 6.608246076839591
32 100 64.06937170072703
32 157 24.187880039743774
32 158 35.895286376316356
32 159 15.008628139639745
33 48 0.7291666028951843
33 68 30.673238863403043
33 72 7.21027229552314
33 77 108.27527398762597
33 82 19.953581752470356
33 88 112.55379639897892
33 114 97.71829214735673
33 132 79.47720760340376
33 144 45.12671453014605
34 42 32.63732200811131
34 43 180.81925560164055
34 55 1.0762371004315712
34 59 67.50940829655663
34 81 13.59282246387349
34 82 10.058578971677429
34 85 25.931302689194524
34 88 4.513006943143557
34 91 36.380210186628624
34 105 56.39141104306824
34 115 85.99706778041734
34 125 9.705329022232984
34 135 1.8611054868635233
34 139 84.30431619095592
35 40 182.31173944895494
35 47 53.39308998722256
35 48 41.588003302094044
35 51 24.34886058112913
35 55 35.116846559474844
35 64 119.0414686085525
35 74 13.502051073780702
35 75 101.62307424518877
35 76 24.484644503082734
35 87 32.01684345587554
35 109 53.29694785251057
35 111 164.70255698722076
35 151 46.30043591558889
35 156 29.295155708338687
35 159 118.67968344348307
35 161 49.87741981452032
36 54 7.6811702489345155
36 66 82.76908579206504
36 74 1.2050765568448292
36 100 18.477347152763357
36 106 37.305540281697525
36 136 109.80294109771346
36 153 19.19535463437333
36 157 93.67609657024997
37 43 63.89665882539852
37 53 5.030432200031227
37 55 132.33965800681472
37 62 161.37717846461535
37 76 100.81126587212589
37 83 16.857706739707833
37 98 218.56728623771886
37 101 145.58369706801113
37 119 50.2246908766877
37 122 90.7222890990206
37 126 62.59431431051207
37 136 168.04846652861403
37 140 32.84272869145788
37 150 69.77045910613849
37 153 19.22622884565472
37 154 23.93869955776206
37 157 62.25349053260438
38 41 32.21958985175707
38 52 21.140814805261808
38 89 92.71706741695853
38 94 48.73400408780138
38 113 139.40620558724768
38 126 72.64255191821611
38 130 70.6799365026036
39 66 19.856124511947016
39 79 8.090166634422415
39 82 65.26735202077512
39 83 34.52591644374851
39 90 35.365657029957276
39 94 138.67693520246897
39 104 28.081341166778888
39 130 26.116284373905778
39 140 13.363691540287467
40 41 34.48741419986689
40 49 223.94569872126434
40 55 195.38325149026372
40 63 47.666199388691204
40 84 15.782170103352641
40 86 140.85321113259192
40 93 155.39527285091935
40 122 13.82016850767741
40 125 80.04055088484493
40 157 83.07219720643357
41 68 100.49497056793886
41 90 7.747244224571404
41 95 46.49632762045926
41 100 4.929579370561067
41 131 103.36319400330697
41 132 318.48990235729656
41 141 172.46542295199976
42 47 34.91239222992054
42 52 85.33702230386774
42 59 70.66262714723129
42 79 47.90077039271171
42 87 36.4859015322339
42 91 25.58016399427085
42 102 79.06878762554153
42 110 41.88894078573953
42 115 123.45698218636659
42 118 24.48278956336821
42 124 16.275712202460504
42 127 276.28590731680845
42 130 66.75866591399377
42 149 281.8501738072304
42 153 95.46935940326175
42 160 5.816886283413918
43 46 90.38050911258189
43 52 1.8441177441941814
43 58 66.67503771872964
43 65 76.9214155555646
43 67 8.306485278057648
43 69 50.12248030669641
43 73 1.8686083543219358
43 74 115.87560556885288
43 77 236.73635632385006
43 79 109.61780586506758
43 112 549.681840047336
43 120 148.7437690086194
43 121 55.933127922602864
43 130 60.46415685167747
43 132 99.92810207496441
43 134 79.7206175907331
43 154 32.482199210723316
43 157 175.21855516646943
44 46 23.499164853654044
44 49 77.48352374019832
44 55 39.467489027087446
44 59 8.863767635416783
44 65 9.275034736013318
44 70 43.52421852221414
44 78 28.448418172268823
44 82 71.29544752485108
44 117 210.99968718979122
44 131 1.2325344791459811
44 137 40.339720576151535
44 139 42.85701450035766
44 140 6.963654268212137
44 149 135.3645524622566
44 152 125.38409886188404
44 157 140.0254211623679
44 161 64.27645747178424
45 54 60.95659693268421
45 67 24.46541759325138
45 79 121.69770749461463
45 85 152.20162864143578
45 86 26.62549515246229
45 91 14.493837698713174
45 101 3.7316331150266326
45 104 117.30131317109611
45 120 102.78273173108472
45 129 22.057161384853224
45 135 60.86343307075636
45 136 99.2789466786694
45 143 35.746072481848294
45 148 45.45297333883359
45 151 196.19825391620085
46 73 121.16249817356581
46 82 42.35395361668947
46 117 5.645408948395352
46 120 325.57879244384327
46 122 394.8724930675637
46 124 13.82679861225161
46 125 70.23119100650769
46 135 2.7159821509495545
46 145 309.3851318841402
46 153 94.63774594435498
47 51 22.84633507349197
47 72 5.213293638172134
47 90 90.48707128582217
47 95 179.12591468348882
47 134 209.51733860218823
47 156 99.96682810457254
48 58 71.10172533906395
48 61 68.29808537214228
48 80 37.97303552595698
48 83 19.349990582636867
48 91 30.660492059611766
48 103 36.25855542635615
48 112 4.930975839026075
48 113 88.09712378129923
48 124 56.28369764416097
48 126 20.695144744754742
48 134 52.708333912203834
48 153 172.47941700878565
49 50 238.46452494598685
49 52 15.059205347410808
49 61 5.336093024467823
49 75 9.490250066463396
49 80 273.7589147498696
49 105 160.90095265396042
49 109 4.099477535235541
49 110 59.03967361176803
49 131 59.90014912124847
49 144 35.200702598460374
49 145 136.90984335938492
50 53 76.53401281857339
50 68 79.89822089451185
50 125 133.09717589475397
50 146 6.6910863762716115
50 147 85.36175575435249
50 151 28.88104137999767
51 82 24.776567045307218
51 97 41.817904877463086
51 101 8.200558365935295
51 104 27.434409305766163
51 107 88.49952782284993
51 117 78.28737411713091
51 135 40.8768957742238
51 142 85.85089174914623
51 145 101.39485090132435
51 147 9.280176748606548
52 56 61.67492582046303
52 62 14.553055835831367
52 67 4.53753347093294
52 68 18.753945641380316
52 83 14.124011627115033
52 109 31.906265799897263
52 111 10.637630377230835
52 118 95.63340072905062
52 142 6.1881985504063035
52 143 95.55420714081636
52 147 310.55519024566905
52 148 13.060845942000826
52 158 42.22155692096425
53 61 53.40483603430437
53 62 81.65419536176637
53 66 107.7387653674815
53 75 202.54836738029536
53 81 13.983753104927528
53 113 43.902170130309834
53 115 166.77401325458243
53 117 134.47897568521734
53 135 110.88600232199661
53 148 6.321368776088852
53 150 0.6437910233087295
54 74 16.40249331665985
54 75 72.79808719917172
54 84 37.85923634104541
54 100 144.74159535105971
54 102 32.57893275051283
54 104 60.32575434190691
54 113 0.8341369013811348
54 123 71.60632379084403
54 148 49.730500458472505
54 155 25.528860215794023
54 158 11.752530086953511
55 63 6.495553194976468
55 81 36.12143262891389
55 91 208.39559473223161
55 95 16.475376484095463
55 104 14.01779469467132
55 114 63.01029094005691
55 118 19.896292883790508
55 120 145.3046367874128
55 132 0.38385686341937003
55 140 19.525694964172107
55 151 83.76165835997162
55 161 26.418438215661848
56 60 15.532129177594564
56 84 4.043595221163168
56 98 48.27467319174785
56 110 15.727826611086149
56 113 64.47961178789203
56 121 74.31430795106046
56 145 2.0513017496689785
57 59 30.920689252607247
57 71 67.94217371910275
57 72 146.24537296334745
57 75 220.85779891206047
57 92 8.663852184868361
57 98 112.87269126517278
57 132 18.007753303705975
57 141 74.94586607444644
57 144 15.137936293127646
58 111 85.98978831418353
58 112 7.592132407547415
58 114 0.49224384288207473
58 117 15.390378692796476
58 137 3.400945478802271
58 147 28.649782915802287
58 159 207.38554506417822
59 66 223.08205048208524
59 76 21.372688220313353
59 84 13.046413514112954
59 119 0.6687149323011888
59 131 44.94244247568123
60 77 78.85381636994813
60 88 102.06025768377309
60 92 133.5885152682003
60 105 1.5477923645850638
60 135 72.19829408247597
60 142 159.30202464461973
60 152 178.03874313903142
61 67 26.083977823848343
61 73 91.0401838025873
61 77 132.21613608426273
61 84 23.219355371021205
61 95 1.0225380572373621
61 100 68.73589107314157
61 105 14.734867427249677
61 110 69.63917481243695
61 113 1.8459256601278857
61 123 37.15919222045151
61 127 9.152031355315113
61 140 58.622544209100774
61 141 68.89755375758013
61 153 8.807626351228345
61 158 65.89267405476218
62 68 122.40159877180159
62 79 0.5689922459720852
62 80 73.63000325929154
62 89 293.0271856119785
62 93 21.119225695449416
62 114 135.8245322187337
62 118 11.882653920667174
62 119 50.27299881683425
62 134 12.237418851992562
62 135 192.1289747407212
62 137 100.78076500039427
62 149 58.51670352760214
62 151 114.85467065017254
62 157 51.884252297724615
62 158 401.44211849316116
62 160 35.1887028141495
63 80 113.20394024095181
63 81 101.9928019267152
63 94 96.25976367950874
63 98 44.22460200239159
63 100 180.7466336212911
63 116 189.30179487806598
63 126 143.8144746767209
63 128 49.49738794055242
63 129 87.31655883106161
63 145 115.74781142810808
64 66 20.65420051839383
64 89 83.69824496314664
64 92 28.435846528315405
64 112 5.631882351988768
64 118 107.06102737697458
64 127 170.63920939168932
64 131 57.22892625546724
64 136 118.75524622471781
64 151 59.04532144978915
64 154 116.39040313523536
64 156 33.26275816324742
65 75 134.93081952079703
65 99 13.11551167891865
65 104 20.748951542084352
65 107 92.43333862644155
65 118 195.7274506652676
65 130 9.886397201947169
65 139 323.2096309163154
65 145 6.839149586110774
65 155 21.847830437952656
66 88 164.20003623472797
66 92 48.7288099965271
66 96 15.708796266944546
66 126 135.68866485758554
66 131 7.858821024088853
66 146 68.30439657662856
66 155 53.21785041688669
67 78 71.0100938150534
67 79 9.839378048694892
67 84 111.11306228394963
67 86 15.206487104437254
67 88 93.39438950059402
67 95 76.63424212243245
67 104 17.82839503451418
67 108 97.48046953542901
67 146 164.80002196555202
68 86 33.711241055985106
68 88 49.17288902264086
68 92 147.0851053858121
68 95 131.15092032029395
68 97 68.62893346222856
68 102 158.1404424338895
68 112 64.7622314402962
68 137 59.609534276313376
68 143 8.532408223418486
68 149 27.829630877615237
69 74 30.16092751088663
69 79 249.4178119999694
69 82 6.016533877701911
69 92 84.95824219468383
69 118 25.715747267264394
69 134 57.69299297380962
69 152 108.18229375221935
69 156 145.59030196182061
69 157 78.27701256103012
70 87 42.86602191303315
70 94 74.23648265580918
70 98 2.018912759611959
70 156 0.10345088589552671
71 81 100.72270473755641
71 84 16.396745014639475
71 89 14.805737589589553
71 123 2.0271071800107143
71 135 101.32499462333611
71 154 26.1852166506243
71 160 84.81292105424582
71 161 105.20501800813093
72 76 21.094416168715792
72 103 21.006130609519268
72 105 37.77543687467129
72 119 3.576926853305351
72 126 59.27890919921172
72 137 33.29191956010693
72 141 1.2455845636726053
72 155 12.328544747028566
72 157 92.4412406640316
73 78 59.08044764812459
73 91 48.95536383770229
73 93 72.91254897795483
73 95 278.21731112314967
73 110 111.86468598670471
73 118 0.42491304545725056
73 128 6.123180202933296
73 134 4.155316497317359
73 135 55.09709831054049
73 136 94.52284400623095
73 156 296.88310104207557
74 82 37.735865585304346
74 102 64.18112638470352
74 107 17.043250803406693
74 114 19.133845349963845
74 120 65.91737574647868
74 137 63.62681088839089
74 144 35.80630062690109
74 153 38.65230880414259
75 78 7.076966053839608
75 79 132.12604924314104
75 81 142.83811731726982
75 83 44.08003565435427
75 88 53.239764460261114
75 133 107.58401725248143
75 138 21.15182399089129
75 151 36.38147231775513
76 91 113.4419022702539
76 142 83.25750215610883
76 146 165.75138902976894
76 154 153.00243425645547
76 161 30.016046493822547
77 90 41.044497892430286
77 98 70.3725099814277
77 109 20.507278434046494
77 113 38.22817541957127
77 128 33.3839511614454
77 148 49.68808577715572
77 157 63.09942903940228
78 79 123.43341639999507
78 81 3.5801299772167647
78 83 51.230021406684344
78 84 91.88503487121788
78 87 29.349976725354985
78 94 84.03267686314197
78 95 101.54926746244763
78 99 71.11062709098026
78 114 43.1679577781138
78 142 114.36806874673897
78 147 44.70121074770533
79 100 0.0922346031428386
79 125 15.533288157656004
79 134 81.98782903323907
79 151 69.45223451152067
80 94 64.57044812951742
80 97 7.089515658826045
80 100 47.978135548781815
80 102 85.69146577208241
80 104 115.53452212579208
80 105 10.681455651426276
80 108 52.801526148358
80 118 114.82023570016194
80 130 20.581735933227396
80 133 32.12778505371719
80 135 36.189351866813304
80 152 173.16722665337716
80 157 21.19645692307675
81 84 51.05015550013826
81 88 67.73294220349504
81 99 38.44095416315244
81 121 25.822857012955872
81 123 18.86410880082167
81 125 202.39968256517986
81 126 52.02272369021303
81 127 9.71277824541376
81 133 96.78853291495149
81 156 42.86155400650763
81 157 14.760672015649117
81 159 36.36484547919238
82 84 164.40734622357394
82 92 124.64584464133134
82 103 197.93988659236044
82 111 30.477508324041935
82 118 149.51771020308277
82 119 12.629416172577246
82 135 122.54017289312564
82 136 85.47682302809774
82 137 75.49440447699264
82 150 30.969280092738078
83 92 19.694548032364207
83 110 21.310535231997257
83 111 37.27659314226093
83 124 17.302554452982008
83 126 5.116744203869217
83 132 160.91242557375315
83 135 100.43484667065619
83 146 17.5639554429797
83 149 52.23944786111708
83 151 127.74179592715201
83 152 10.819681106193647
83 157 98.62215227522269
84 116 160.68950331173116
84 131 229.84934369545297
84 143 112.21682984062132
84 144 225.0725835523199
84 150 67.25393881490983
85 92 26.78827584910215
85 116 122.2032155820926
85 118 25.485723876912505
85 119 64.24588751203322
85 123 131.91859064190973
85 132 31.022989098297852
85 143 21.127628954197128
85 153 81.96918936000978
86 87 45.052985040318774
86 88 6.614002877394546
86 99 14.748696923681104
86 109 18.576799034073968
86 122 23.190746622253698
86 130 59.41547873825634
87 88 114.25968705049578
87 138 128.01703609112354
87 143 9.509745097137063
87 153 114.0411863308861
88 93 8.42606617089492
88 103 103.1254451190711
88 122 130.04496215360948
88 130 181.36353179215845
88 152 72.85291688059975
89 91 19.404563244650674
89 95 57.2988721860425
89 107 39.75564668920223
89 111 93.30689571331634
89 121 202.64530272399293
89 140 69.85226342865647
89 147 77.74511176807223
90 92 15.4262658050565
90 94 30.900643187354333
90 97 43.576276369515845
90 101 70.41605899842673
90 103 26.961401410446747
90 149 202.34953354934964
90 160 18.71591048235619
91 93 15.58769474030782
91 97 67.49660904229385
91 111 160.67218699621685
91 117 28.200927684434966
91 122 168.81998543787935
91 127 368.6546369688868
91 142 8.949418806960315
91 150 216.502333727389
91 154 22.636941465289585
91 155 160.6662079300123
92 123 95.25592601022946
92 142 33.586915543929955
92 145 127.05119820237823
92 149 220.40821829292003
92 151 97.24606142328182
92 154 8.280237283657863
92 158 102.22070255891069
93 94 62.598760204357205
93 99 73.34857996380825
93 100 375.24208945019654
93 104 93.15425364019511
93 131 34.14100511599597
93 133 28.87111916414465
93 138 28.01735539344368
93 139 33.81136236831252
93 142 76.48746812811473
93 161 64.5555734686303
94 112 61.38535787845693
94 126 12.594357183205421
94 150 129.28981147313155
94 153 43.51435283799124
95 105 9.232476646301038
95 108 69.38173976144674
95 122 28.77835647027668
95 123 31.22520750838744
95 149 31.03977304276907
95 158 29.41618709015464
96 108 152.0637684519868
97 109 57.839709834543534
97 135 25.00087064827217
97 137 58.64520301808259
97 149 37.92455011620013
97 157 11.4286594722699
98 101 6.952518063553293
98 115 295.20369585336033
98 140 65.36061011897992
98 159 22.490985595794296
99 110 4.02049952422262
99 117 1.4041788776004382
99 145 30.312460147552834
99 149 292.7236087034172
99 151 11.74739214560862
99 154 246.72487023413643
99 155 35.8330896702086
99 156 46.73795570457357
100 104 35.213671837218335
100 110 32.072774497104
100 113 54.56491851743856
100 114 45.10756545232765
100 123 52.306637844510426
100 126 21.545129451784174
100 132 86.76279355810371
100 137 67.02396643241859
100 143 70.78486198521166
100 147 16.05864930289141
100 149 28.673800022938124
100 161 33.08966337086795
101 103 81.281690209597
101 130 29.420460850458625
101 138 58.65486961343868
101 149 20.241803930109345
101 156 104.01289421483276
102 122 44.69501565937168
102 141 291.7953021564874
103 122 292.91960320763405
103 136 0.7035550677991282
103 139 23.56834127825088
103 141 85.31179861409902
104 112 69.92454725536516
104 113 52.56355279175293
104 137 148.45087720167047
104 154 95.09953366984587
104 157 76.11176059191082
104 160 20.378479732968703
105 111 22.613803860859065
105 117 34.19868148986281
105 128 56.37262387408009
105 132 0.4626579319998508
105 142 1.9461046642138435
105 151 23.31071198927493
105 153 22.69841987633349
106 117 91.15635564897009
106 122 49.60095537212272
106 123 29.496526784987648
106 136 13.147061856820898
106 140 27.491950486973206
106 145 39.62447271170999
107 144 231.7460493333437
107 160 35.7309281053759
108 132 57.691632021683155
108 143 2.217029827631729
108 150 134.10826513828468
108 153 62.18759133210939
108 157 82.6691815617184
109 111 113.94393649488588
109 118 398.5953740920365
109 123 12.52584444207798
109 130 63.4709496290367
109 131 197.86354260797373
109 135 153.82255258289237
109 145 45.531470668198
109 147 52.21410017046756
110 121 60.834568189147504
110 135 92.44723686768342
110 141 138.69963822293832
111 128 129.43763511574804
111 142 118.08594564950505
111 146 52.47173537541116
112 120 14.32724083891924
113 126 57.70255863795745
113 154 296.949786394385
114 126 57.2967653213415
114 131 13.154111198200269
114 154 39.489884898320895
115 116 134.01585677247968
115 142 140.7521816229175
115 148 265.40502050904337
116 124 35.055860901967286
116 132 21.212794928466042
116 134 141.10240809293276
117 129 53.996820564109136
117 136 330.76657233191
117 139 55.800430571138186
117 157 343.9242843458485
118 119 48.0308962820382
118 120 140.33382384595765
118 123 151.97460019501952
118 128 203.31068550889455
118 134 64.95127565470591
118 147 103.76340625815826
119 122 72.29224685632015
119 125 65.0183072561161
119 151 171.37979023330305
120 123 1.655950287974812
120 142 56.146636779581925
120 146 84.45549128411486
120 148 67.55676641928176
121 123 17.329142724546045
121 147 6.121725179877995
121 150 6.7632199160729565
121 156 64.03615062503322
122 151 34.26042904397543
123 127 313.23602168711466
123 130 197.75706291449717
123 132 13.066107364207829
123 137 61.79810446773218
123 147 17.73949494042559
123 149 219.9596136612728
123 159 22.035532828510735
123 160 155.5388525590783
124 133 17.699578972216216
124 157 77.36188190285071
124 160 23.8033468110291
125 148 113.64125865412602
125 150 42.61226761837057
125 154 77.7516831627124
125 157 144.45863472290944
126 128 58.68295589787355
126 132 11.429791887890719
126 136 368.34961771705855
126 145 87.72596161189995
126 149 63.08708549987773
127 157 63.158696337873536
128 139 507.67195635922695
128 145 93.09843284130736
128 156 18.217385462899806
129 139 83.94533377950209
129 146 50.2575067409114
129 147 132.4550933152101
129 149 112.2764246475307
129 150 27.996269087315433
129 151 5.936157884779733
129 155 134.8730047704013
129 160 12.052679583795125
130 139 34.201603569973805
130 145 120.70586568895929
130 156 20.77056698052984
130 159 24.255717447723804
131 161 63.16491709547472
132 142 262.72873806573153
132 155 646.452430289699
132 158 40.26751188732828
133 135 2.040996509279398
133 161 159.41888178640065
134 144 18.13715953950212
135 144 141.9701895009736
135 155 233.41047105611088
135 156 35.84988565017022
136 138 8.548030963299473
136 141 141.0796386136522
137 141 15.579292384888914
137 142 165.4035347881082
137 154 9.06460809868633
138 143 92.5967249101867
140 144 12.544651534624599
140 149 87.201616952173
141 148 1.8811527954272704
141 154 40.311994983786356
142 149 45.36558018487522
144 146 10.565306567054508
144 151 112.9666372763939
144 153 168.81354579849696
145 147 229.76860843987822
145 149 4.3998908799626975
145 151 42.25125501879033
146 149 27.28118642253081
146 156 355.02774138159015
147 149 351.213110588912
147 150 56.061256590827895
147 153 35.04838611588516
148 157 82.39872740057186
149 158 53.22921957870086
150 152 132.1730795693999
150 157 223.2711657788772
151 155 61.70811479803694
151 160 248.88051641217083
152 156 5.358073911132937
152 157 14.049150231785331
153 157 103.55302567374534
155 157 16.70556811230865
156 157 143.1126632651264
156 159 0.6490730782489557
157 158 5.053083638166834
