0 6 20.35772373720645
0 12 470.1463028209694
0 33 150.64535181046384
0 46 46.70153308505277
0 71 87.5636246013317
0 79 141.56446474123914
0 94 56.76206323357322
0 97 129.45518582347606
0 113 37.95275064518494
0 131 28.713391419842534
0 149 290.73808929988286
0 154 254.41627362417725
0 160 105.05739522661506
1 5 182.17946230477716
1 8 17.3884293750999
1 14 17.049984478925186
1 15 195.15006082318544
1 34 83.20032996918879
1 38 12.299286044168833
1 39 45.84563257089191
1 43 64.3370943176695
1 45 26.526963887950522
1 55 112.73270868761644
1 61 87.37840908930036
1 63 15.859685215968362
1 71 260.9837638619154
1 77 21.599269136530673
1 80 5.9756128357515
1 87 71.7659328621072
1 88 14.779757411959718
1 97 81.75259140862087
1 114 10.675723842214968
1 119 84.3227731218023
1 130 3.4606828262651006
1 135 11.45732266618101
1 143 180.75905413542446
1 144 112.24197730045479
1 153 14.9605729094543
2 10 31.429782962000104
2 56 14.46220636989774
2 78 15.296916355006498
2 107 167.98799632837316
2 112 11.178237081656583
2 149 30.476899337994773
3 7 10.45943922690838
3 19 103.54788775963583
3 22 145.71418435706482
3 57 334.00862853778295
3 65 178.34649792640528
3 81 24.644734510871
3 82 22.478441302849678
3 84 36.65350076910073
3 90 101.24570527047784
3 92 17.27199146037118
3 93 195.69496952366043
3 94 88.65528514245955
3 98 51.000632257037026
3 99 51.382955403042274
3 101 41.855259122576236
3 126 32.0573303966576
3 131 47.87371262619743
3 158 15.393563348478793
4 5 5.350906648263839
4 7 135.72389667224394
4 8 45.249399445363466
4 29 102.13393991612675
4 32 73.1408609713636
4 35 9.981235960412672
4 42 26.70786538614309
4 44 112.1406363209093
4 57 238.1331459250514
4 69 315.5339597146199
4 92 281.0069751675762
4 94 73.54521567327646
4 101 15.95120166502502
4 143 11.647389793966257
4 144 7.5690984336450065
4 155 71.00805416075268
5 12 8.477041169564115
5 13 126.41581912624345
5 20 8.599052402321588
5 32 28.66325768151128
5 40 85.87071416494733
5 45 20.994793826954954
5 55 77.91863076178967
5 68 73.42660761315672
5 85 57.067241779111285
5 91 194.46871236638887
5 95 48.77268658066243
5 114 319.4442355725587
5 122 100.83615535401316
5 123 47.202504144670755
5 130 110.87532640869154
5 132 70.3031154481355
5 142 24.065953974834173
5 144 59.45846670994226
5 145 165.6504159586255
5 148 3.559099125429765
5 149 7.440033032071278
6 8 27.0688993416814
6 13 34.66145039579578
6 25 420.42240365764223
6 42 16.099727118695434
6 48 37.18510689854776
6 50 118.60337208287288
6 51 6.267664061970061
6 55 93.54253335955659
6 57 74.0902455646029
6 80 227.64380500698385
6 82 13.394132744858831
6 98 2.8980138940808136
6 103 3.7012218995820922
6 124 60.37574408987581
6 127 11.691145856727376
6 129 7.0459637882192
6 132 47.855015023562174
7 8 89.14686918744945
7 13 244.49492205344262
7 19 86.94533712548997
7 35 242.30763292514408
7 49 313.2117318386478
7 78 52.95747438682756
7 81 1.3902573277819452
7 83 143.59673450198886
7 91 303.88723383625234
7 94 17.420806439043343
7 95 1.433783226613914
7 104 58.175380963252564
7 105 589.826786322842
7 106 24.940724741004143
7 108 281.10967631182274
7 112 113.10854818671655
7 128 95.64150185450488
7 134 48.80386730157049
7 136 185.85859547046678
7 140 8.469295273178409
7 144 38.864909876500874
7 145 212.4284999418527
7 151 89.51410791331762
7 152 48.127036905520264
7 155 227.52150851907473
8 27 49.066355836206334
8 30 17.261008205424645
8 40 55.56103975026812
8 41 13.71110857342796
8 62 25.35514363708573
8 66 100.40304521783293
8 75 209.91525499710457
8 78 3.376822950415771
8 85 22.329373794867596
8 101 104.30231017483055
8 105 72.01984603103541
8 106 55.97110619050972
8 122 7.28367493878593
8 123 9.30591424347437
8 131 14.85865674744723
8 146 8.069935180730612
8 148 85.96989484602064
8 149 129.62360070569298
8 151 178.1006596503251
8 154 57.023015957203285
8 156 28.29677215336178
9 14 27.255725602593333
9 21 60.59015203081758
9 29 16.996452478538433
9 42 200.18312101681616
9 49 74.70933030820578
9 51 91.37440756772331
9 73 45.80647897196075
9 74 1.5590605567035036
9 82 101.494675920634
9 91 23.912797285786848
9 92 35.025075044064444
9 93 28.645778520012897
9 111 99.9034155416648
9 118 43.65332957442142
9 119 376.85545707582037
9 123 75.29151375041062
9 125 39.4302790408043
9 127 59.73251358092987
9 134 96.14035150040924
9 142 263.88573517794083
9 147 175.22796018867257
9 156 64.2214113411652
9 157 11.270852551427982
9 158 1.0342405785360125
10 12 7.280704619272524
10 13 96.38738292218935
10 18 18.78860580200927
10 20 72.75874572765814
10 30 124.15078250067418
10 47 6.151142503067485
10 51 67.28875770907125
10 57 60.07636664269788
10 60 16.88350514464166
10 70 31.50040239502092
10 72 13.270679863175129
10 82 16.975298308981642
10 98 19.118437614502916
10 108 68.13056838033121
10 112 0.37724974160312946
10 122 94.90564133874402
10 128 100.08924174620836
10 138 0.04108440235108168
10 149 54.88798229125259
10 151 24.3299764017327
10 154 88.07497716630265
11 12 372.50752638845495
11 18 168.16007072425091
11 28 102.04746904992568
11 42 3.88043122370858
11 43 60.02190472192679
11 58 85.94739528111674
11 62 116.44263897587716
11 64 23.56699892921219
11 66 41.28890562816308
11 74 22.633749994180892
11 79 54.990278415919946
11 80 280.30963622788414
11 87 106.93248987177067
11 91 165.25144103479735
11 92 66.60297792616102
11 105 106.12266037952128
11 107 16.060954098013642
11 111 36.54514382797114
11 124 12.168992899289021
11 129 209.7565742191386
11 134 73.2953808152115
11 136 56.29493685577777
11 137 102.41285791947658
11 147 33.737452829960674
11 148 65.71375305138088
11 154 257.60180352847004
12 16 13.240693577302642
12 22 122.285624633439
12 23 107.81707558142239
12 25 58.44735419825644
12 45 153.9794152027537
12 50 495.758225884686
12 51 1.5559652885763267
12 59 243.2647299236453
12 60 51.0106954097291
12 61 7.460749163796682
12 78 72.25978761102253
12 89 16.76790996205725
12 92 19.196124267021254
12 101 38.78358843315445
12 117 758.4299115290283
12 128 27.011428237949314
12 133 265.15038739710246
12 138 80.12821591609882
12 140 35.90400013269441
12 144 11.643430713899917
12 152 2.5566292453869788
12 156 41.574710977661105
13 18 202.52859368827546
13 20 41.20626541367398
13 27 120.10659246271743
13 28 83.2767075824758
13 31 15.84636435361153
13 50 116.51518950262904
13 56 10.699450512855037
13 66 147.5373528023044
13 77 340.5413196970652
13 78 38.853817763413126
13 81 15.671572136432621
13 82 185.39677347490317
13 87 217.40275010637265
13 107 24.97743627817214
13 112 31.102658593132407
13 125 270.89495519997564
13 141 113.72623505994868
13 148 145.29619265459922
13 158 161.8768814166621
14 23 33.33027568058321
14 24 60.399871512329014
14 44 3.2492607214232256
14 49 25.414584029129262
14 58 86.48639610702489
14 65 100.65149646247212
14 75 20.2458556559966
14 78 66.25232003760178
14 83 30.80435163124745
14 84 91.43709386826055
14 85 49.88599128167899
14 93 20.6550263535686
14 95 89.20867008445238
14 114 61.543234122500564
14 129 144.9253141207347
14 137 2.2546891088565046
14 139 71.52083157895856
14 152 91.70062483690525
15 23 24.734926046540487
15 27 30.617887150977634
15 38 8.069278843483072
15 51 7.226158406379564
15 61 42.51715894580469
15 80 177.9272138120314
15 86 31.794360896059015
15 101 100.64878588665542
15 120 21.480492102834983
15 121 30.642047672112888
15 133 24.685071655995422
15 145 189.70026572054482
15 147 69.15233051658143
15 148 39.5589389009918
16 25 163.41876120751496
16 44 111.41752558844078
16 51 4.085637366458884
16 55 197.64505857001942
16 88 78.48154803015471
16 94 110.38315302453806
16 148 35.73228214256735
16 151 269.68889477501693
17 70 28.176070167036585
17 79 72.48591360099178
17 99 73.23499855224374
17 106 137.15127194109354
17 110 153.2248967523211
17 154 21.57403504467902
17 156 187.6993210085576
18 40 165.23696764284742
18 44 76.72504644329906
18 76 62.73273288275346
18 94 80.07947956629664
18 110 43.9545587569658
18 112 30.56641654085413
18 142 155.7976586587165
18 145 66.70567096117077
18 154 36.11187975852233
18 158 137.7414442417928
19 22 58.96155286640758
19 27 5.844281320069347
19 35 36.82015330558025
19 44 56.64143807371481
19 46 146.8485846870224
19 57 51.81766560528619
19 71 55.768153778039306
19 80 509.32616994640154
19 82 380.66576624855685
19 92 58.67036996551992
19 100 36.53150535174746
19 101 28.704722041204338
19 103 69.84597225354578
19 110 78.18345023217756
19 130 14.674065033419424
19 136 230.96016239969615
19 142 19.66018364896502
19 143 3.6605390737389074
19 150 142.15101461062636
19 154 64.96244357135043
19 161 72.87143862889393
20 26 37.64969951346039
20 28 77.14084431454029
20 40 17.07535683448168
20 44 22.375388918415812
20 54 307.7458602595245
20 65 178.40932992591073
20 88 44.826552124566604
20 89 101.58499138701545
20 94 81.14670463766589
20 95 3.3213727666179014
20 98 70.77563166517265
20 105 3.14150559796761
20 112 207.14162555170842
20 118 334.69411596366746
20 121 267.6223392861029
20 127 88.52575590131991
20 151 131.98442352656062
20 155 54.873180406902904
21 24 142.26446543861806
21 26 26.709978861813028
21 38 74.50443812362246
21 39 23.1509974328387
21 43 19.943479419264964
21 45 20.737899427651563
21 48 50.038889595085344
21 54 9.872706715150361
21 67 40.783125729779684
21 71 26.39280122302169
21 75 72.27767991066104
21 84 47.14646314067854
21 85 0.13348893038890838
21 86 52.151751119702695
21 89 97.94776368229722
21 99 52.88381144639681
21 115 29.24143464921475
21 117 123.78545464277981
21 126 52.785013607271026
21 140 56.025185143346924
21 151 44.4238611170835
22 26 113.40803772735032
22 28 74.7645828264652
22 32 36.256956258813226
22 43 14.769427769610674
22 45 33.760796901241605
22 48 35.488741719170385
22 61 25.66288751974026
22 91 1.838054259638063
22 99 23.03513817583838
22 100 59.87344136178946
22 142 106.11194344623465
22 154 29.297390737801727
22 155 354.8341659465149
23 24 26.106724843097357
23 26 323.4139347976595
23 31 8.492074297695885
23 32 72.98481162613041
23 51 201.60416961274345
23 77 89.4610996253946
23 80 22.726298007106955
23 83 145.32268766150008
23 104 12.264186692508206
23 111 8.436624771165953
23 117 255.77307224285627
23 134 294.3906578460338
23 145 459.4132054798901
24 39 25.70353144745118
24 107 81.2996117079044
24 110 104.68300874583728
24 136 182.15661679292973
24 144 186.4760706007988
25 45 11.636504700101414
25 52 16.63511471080627
25 56 80.8817793031958
25 58 37.98324786446872
25 62 14.995602180223125
25 77 64.78819237084284
25 78 7.994730984316459
25 82 40.9673733423082
25 89 19.049932010582623
25 108 166.4070971052758
25 117 139.779981137417
25 127 92.33567717498218
25 139 58.018913791357654
25 141 80.26999635115789
25 145 34.84401489798538
25 149 200.7819234581201
25 153 60.99463793838092
25 160 22.96547230675705
26 40 47.7795716961332
26 55 22.88048358107515
26 58 146.60121056100976
26 88 26.27679497195152
26 93 7.792821952816184
26 94 149.76862594117225
26 129 145.34140806180943
26 149 317.114277102982
26 150 13.081112830720448
26 156 1.4817775146851127
27 30 152.37189868963543
27 39 9.180321378065594
27 41 46.44597925858611
27 57 10.11177714911426
27 61 1.1224140177647857
27 62 41.31147726742492
27 75 3.52744279726299
27 112 25.30226588581609
27 113 7.2116805712325505
27 126 17.738158474667383
27 149 16.257045231360973
27 154 6.1060172882484425
27 155 292.10337840400365
27 156 131.84348708149722
28 71 118.13396755794199
28 77 5.921846007273357
28 83 215.1066940918071
28 93 129.6411134185359
28 148 11.624339166882304
28 150 16.319563457969252
29 31 19.318588087873696
29 34 28.01053523561025
29 42 18.729054261330663
29 43 121.69558288788855
29 46 13.172370498199804
29 50 54.45500725833432
29 54 180.20991494334905
29 64 38.69179694890756
29 83 8.447099475059549
29 86 105.59266024228452
29 89 20.922224474420556
29 94 87.98826401908865
29 105 41.053750176420984
29 110 20.038844268944516
29 116 50.108624920156885
29 120 23.275267526110387
29 130 51.87251187987674
29 135 82.24324174025868
29 136 33.976548115856126
29 140 28.0974263625692
30 33 5.2743511176926265
30 55 59.90450031281545
30 57 258.93050204228496
30 64 6.316222814319693
30 66 220.1394655158695
30 69 106.63201487300672
30 72 230.5576992818466
30 75 167.18537646688122
30 93 33.31283030377266
30 95 0.9690594355215557
30 97 130.24661736764403
30 103 18.817217326585464
30 118 225.34971572228545
30 125 9.854209724204804
30 126 156.04316400224198
30 128 29.10232680960306
30 131 57.57789574395992
30 136 238.99354032311786
30 139 64.10121642543524
30 148 62.20546720999085
30 160 15.236273652093917
31 45 20.041162631041608
31 56 196.7260630478157
31 59 99.71673105548471
31 62 31.963400007674753
31 63 94.7280573807547
31 70 1.8279892756399367
31 72 151.88045051696952
31 79 130.48339532401332
31 83 7.113379486803585
31 87 63.790904720320405
31 89 153.36625242461994
31 95 70.7834383201815
31 106 16.6640283316202
31 120 15.43434796689515
31 137 136.4129494381979
31 143 63.75557574409032
31 144 194.6344998994483
31 150 33.3934878076229
32 61 105.9703110944713
32 65 19.18256673799518
32 66 65.28715871264582
32 82 48.928558194679376
32 89 231.56905080154405
32 94 93.04115447100222
32 101 18.12628042415399
32 116 26.22261696462431
32 118 209.91539205631574
32 134 40.63987411094076
33 34 27.318402815413954
33 42 93.68202136924526
33 48 19.21265011761711
33 60 18.801028571378428
33 69 1.0032011552393303
33 117 46.96919565008522
33 127 90.69130279816589
33 146 7.04061150782917
33 158 71.54418970568041
34 35 92.78735284625502
34 37 58.94187632083001
34 48 39.489085700741555
34 61 10.394245673344946
34 84 141.09070562575275
34 90 116.28547194254635
34 99 47.88866657448829
34 105 12.659299181038584
34 109 71.19255572948272
34 111 21.77425214563376
34 117 10.195217067852925
34 120 9.00874084871376
34 129 5.088853046373309
34 132 140.4268305030939
34 134 19.824122170525904
34 161 11.341269907923552
35 48 64.18787952951614
35 54 17.568554701150727
35 69 64.55739726549871
35 91 351.2948802242416
35 114 57.32615068804811
35 116 99.28924264796932
35 123 32.494562663969674
35 139 31.696734368457644
35 145 11.779049209512225
35 154 66.73660701171531
35 155 197.38697182510208
36 71 109.60467308381803
36 82 76.30944878252646
36 97 17.72972002659081
36 100 109.86495343401508
36 103 65.12301961447567
36 115 227.5597319489613
36 135 14.826700831712387
36 153 89.64663565763499
37 42 57.641090643788374
37 46 183.64539421323144
37 49 73.75650700666561
37 68 233.15856754136738
37 76 14.646161805001459
37 77 66.95338700534832
37 102 287.02269052447116
37 114 38.28386041221659
37 126 193.61107104506755
37 137 33.17486689152374
37 147 39.28241760433405
37 160 69.59028628172973
38 40 91.6228027298719
38 55 58.44241614881511
38 67 57.98090766737462
38 75 10.662647371592096
38 97 62.9062022234747
38 107 246.9610349036288
38 109 34.04396853742676
38 110 195.11939326112585
38 153 75.98956344776283
39 40 97.69894580825462
39 58 319.1135647290847
39 68 289.93851836439
39 70 79.00755793191307
39 79 26.052418204232968
39 83 1.6684866373475091
39 85 18.720820397207767
39 88 41.754474418903115
39 91 216.17011193800053
39 124 78.33093372470915
39 126 56.87493100568325
39 133 68.81509984157597
39 142 68.03633993490327
39 152 117.23051111080221
40 63 16.772192469383544
40 69 37.973920794411036
40 76 64.80895015437973
40 89 218.2351735168186
40 130 157.15541614445777
40 131 19.379406506202926
40 139 21.880343186052478
40 149 22.239865307582402
41 54 3.6834714321209394
41 62 72.24119488880615
41 77 62.438706383491485
41 83 9.274033292164694
41 88 19.040496240076557
41 93 37.21255125872902
41 104 26.034377412749738
41 123 7.8930785042030385
42 78 0.98271755549008
42 91 74.68076971937502
42 95 59.31584703368
42 105 69.35208484903359
42 112 291.36236359299295
42 120 290.19454599757813
42 136 146.5652198759384
42 152 94.02409200857493
43 44 108.26615261021293
43 48 34.95012789278529
43 51 52.14489669993529
43 59 27.862985098462364
43 67 68.00627389964122
43 80 26.541311416898843
43 90 201.0888826207197
43 104 30.943756976469352
43 105 61.66330441788811
43 114 62.26531325814987
43 146 65.11518560800327
43 155 294.24268360995535
44 47 118.42250250123391
44 49 46.01923723068541
44 54 86.11201911322779
44 58 47.23975879620929
44 64 27.741773345013584
44 72 60.47274322971031
44 85 32.33827027851982
44 86 105.22264474480251
44 89 91.187821384557
44 109 39.45502692888317
44 110 24.72693175959848
44 111 62.6789839980185
44 114 37.267856173117956
44 116 11.400835142366542
44 124 9.633791271452798
44 144 186.50642355698255
44 156 40.848288113478496
45 59 23.551445159405194
45 62 68.37019772109076
45 67 29.0111066034628
45 70 47.5182490014415
45 83 46.6514070716699
45 84 5.856992067467961
45 128 34.57985159435841
45 144 22.235045092795957
45 149 232.17380981561197
45 154 110.87724911642952
45 160 46.82675370961224
46 49 155.2341123865834
46 54 77.02582001543054
46 68 113.14147333678673
46 78 46.28908354337787
46 79 139.35998486329862
46 94 45.36940761803265
46 108 57.46736521473762
46 109 264.8407780079834
46 110 35.20716945555331
46 115 145.25047558014055
46 132 197.0976615869527
46 141 21.936660109208862
46 157 31.54961174664103
47 52 83.40230917878667
47 58 100.26179931200215
47 65 23.711367440244494
47 70 10.873146831932452
47 83 66.02353240046224
47 84 138.16598392360066
47 87 28.220407792026705
47 90 24.020222217431236
47 93 114.95136451732654
47 108 26.507895712335724
47 124 24.23273074486502
47 131 114.68731434015095
47 132 129.6827479093137
47 135 54.68481313884699
47 136 75.68524729989265
47 150 36.24203785026374
48 51 83.77679568103427
48 52 163.03705870274672
48 78 22.76685017292652
48 86 68.19723915847436
48 92 78.82618370866533
48 109 104.29333020924106
48 121 77.10229253023152
48 124 153.412767037811
48 145 15.67689299934491
48 160 109.61234224920831
49 80 7.4130106388931445
49 84 46.69651997678569
49 93 22.564313168437014
49 98 155.0705118280474
49 99 5.833734953431938
49 110 48.46308803431505
49 113 130.30334460188297
49 114 16.03520267924163
49 121 4.6072497790445395
49 130 104.3730692312396
49 134 46.27096479680645
49 150 85.42976310820445
50 67 9.960063684640652
50 79 80.53951258323738
50 82 140.30649599062292
50 88 1.6639550191860992
50 118 75.45929532040367
50 123 60.16493656121719
50 125 68.11322180684087
50 145 103.53879802621655
50 149 54.23024873274589
50 154 49.02024820951663
50 157 38.64753841606903
50 160 45.21013355424682
51 60 148.68353549209988
51 62 229.5425070028956
51 68 188.83606944453282
51 73 20.2861713485494
51 75 34.38201137436251
51 81 2.6340098564497
51 107 15.24306606734265
51 109 96.87033664419556
51 111 72.22422926148775
51 114 194.56387750622454
51 115 165.14670711776395
51 118 4.3288135668377326
51 130 141.7417723756782
51 137 122.9154031174945
51 145 34.71880143523948
51 147 223.65510177820516
52 74 54.32043141040406
52 75 55.79066738368693
52 92 217.78894708934712
52 114 37.33614124964263
52 128 149.889324486105
52 132 190.8135688778539
52 135 1.835057282379203
52 161 46.46743806232974
53 61 41.86571613394838
53 64 255.57905221539232
53 77 10.88646167082802
53 87 0.1657151959046144
53 95 81.86614842160768
53 138 38.28339484962448
53 140 4.576966135319494
54 56 1.3620398073654818
54 60 26.82204752298966
54 62 217.7938331094544
54 63 45.65950322889449
54 76 12.67811162788979
54 79 130.30896925787488
54 82 202.84175014998598
54 91 28.465760101177246
54 93 64.54399014556462
54 124 162.56708201503898
54 132 145.36056298086652
54 133 160.1119375722893
54 139 32.41167849084459
54 161 29.53047729860198
55 60 140.02317818403165
55 74 229.58659779271278
55 94 22.08250503450703
55 125 269.8477683446816
55 127 99.47889060126084
55 145 8.306340949939747
56 64 127.88448352080376
56 72 138.79414118136938
56 75 27.569931673684536
56 93 108.62229972959331
56 98 64.53668708710123
56 100 5.197737250647677
56 108 46.777809916373336
56 110 97.17337269183018
56 143 44.089888858306566
56 155 167.31467652935234
57 62 25.47293613905214
57 64 88.4577360709088
57 84 122.06447879104931
57 111 19.22407379703386
57 133 74.12948044843387
57 141 0.8538451098147523
57 148 155.66655255665842
58 68 170.17714099301298
58 89 2.6192253872684095
58 96 36.91659546362534
58 100 20.617531133822112
58 143 87.82183681558598
58 154 109.75549089931553
58 161 49.378901235423314
59 68 114.20084484864584
59 84 18.92609179201813
59 100 47.75279544480426
59 113 48.45796468102423
59 136 3.360436181925633
59 139 102.27545585809689
59 144 14.62684655570202
59 145 103.38185501903148
59 153 176.39150969084398
59 154 282.5842239693552
60 73 81.4289156901663
60 99 66.57819071363704
60 101 112.57728622682939
60 117 2.329912484023169
60 121 4.247912094680398
60 145 48.18634787995306
60 154 17.53239161105787
61 92 167.101183162124
61 93 60.29981306772733
61 103 66.99864397824287
61 114 24.66097105656433
61 120 95.40435412131242
61 129 99.73981046652452
61 135 35.633325470184644
61 136 127.934399325867
61 153 10.720593221220923
61 157 36.267512733381224
62 72 33.75687395678983
62 102 93.55665349265603
62 108 40.2718390308006
62 114 48.90397800819973
62 130 136.70991301529085
62 141 32.363008143101204
63 70 17.23165561212032
63 74 204.11764580891966
63 77 56.78967259798008
63 80 6.18435963464258
63 83 132.4707560441868
63 95 121.6093506887923
63 103 4.882156220913609
63 109 69.70607903716606
63 120 57.38294956296991
63 126 84.28030138128004
63 132 66.2024297085419
63 134 39.66071250907101
63 156 98.81311913122833
64 66 21.0951273292567
64 79 77.32464709829628
64 81 7.4153279273173975
64 85 11.329945363412985
64 92 110.51385665617467
64 99 0.34737729810561324
64 103 15.209726648517893
64 109 65.91128785089677
64 110 188.18183831188793
64 117 49.42456368812247
64 122 6.129661384952823
64 133 21.785821849505904
64 135 62.62195511838566
64 158 103.44863411632534
65 73 28.898586126559927
65 94 153.4895788134421
65 117 59.55366678118222
65 135 33.616900201121055
65 136 83.8082555700042
65 139 171.89002301131987
65 145 21.415711683485146
65 149 172.5396554049583
65 153 8.329167435169161
65 157 24.371312485828533
66 78 5.609107987919752
66 86 12.057980097654749
66 91 18.983146595283564
66 94 24.08251320624861
66 99 13.673433483520643
66 100 156.9565821827101
66 102 157.98702992467736
66 106 65.49482892325513
66 113 62.05803165753305
66 121 2.9072508926563687
66 124 12.68912357942698
66 128 21.312280752639595
66 133 34.20576708462397
66 157 156.97612190666499
67 74 44.93346520596099
67 79 22.31397157407738
67 80 95.51521390331266
67 95 1.4872178097779083
67 103 144.54532897743948
67 107 142.38198376165803
67 115 6.958036992611675
67 120 14.414705414690236
67 147 21.88720235675286
67 151 94.04089389187114
67 154 32.76653612570757
67 157 85.90344922003185
68 80 455.7337804285845
68 88 11.581190192414898
68 89 64.66122688643135
68 112 322.2641137057617
68 123 3.2235792116263426
68 124 85.9308965551456
68 131 82.7640347063339
68 136 0.6904923128818463
69 71 27.244193637593778
69 73 57.00087466856835
69 77 74.39369452205116
69 124 504.6864521866135
69 149 18.975681220125892
69 151 51.91232963468234
69 153 31.325060807587104
70 104 287.0932094952244
70 122 235.19910346581617
70 123 34.45721780031535
70 124 10.071793635559569
70 130 129.34764627316827
70 132 128.01526222909789
70 135 135.57247036859508
70 140 10.54150723680644
70 159 31.740055077071432
71 76 285.4518656772376
71 82 117.90961028869353
71 83 76.9500494977951
71 84 45.45900720263996
71 92 97.92872871967134
71 101 12.974079430701696
71 139 19.29140045021381
72 100 11.645045947184215
72 101 93.68881975535086
72 157 69.0061467778389
73 79 87.15927864854248
73 132 41.15461752627335
73 137 70.53351371126473
73 150 20.428233903554595
73 151 93.57321143515415
74 79 24.417283121162384
74 92 4.142222263302304
74 128 6.294620453785396
74 134 98.11396417395342
74 137 6.226218371215301
74 150 90.82618694847653
75 78 144.4882540649518
75 81 63.00478437224937
75 104 309.093944543421
75 110 170.7667127414925
75 111 80.33933503187785
75 113 10.127748765840781
75 114 78.47590544833267
75 124 3.1102701810349513
75 135 101.47300811669479
75 139 164.766649633186
75 155 96.34309194896142
75 161 32.42957501046775
76 100 3.2140580191489136
76 132 149.4501981397431
77 81 67.36594096063331
77 104 6.4048829141293995
77 113 21.807026767644786
77 123 144.1209392488061
77 136 8.88061669557644
77 145 50.10056817648908
78 85 81.14699146335077
78 92 150.4630440533405
78 122 43.8906669211359
78 127 59.423589323501126
78 131 95.66430699313587
78 147 218.1228195304593
79 81 5.029134559334202
79 87 99.41962744830636
79 94 99.33080246569044
79 100 339.35765125295393
79 104 216.58652843048756
79 113 57.55283576123816
79 114 110.62145317648624
79 123 183.53397258197984
79 130 311.33196599322065
79 133 60.498643716792465
79 137 84.42861474371816
79 154 2.36724703953244
79 157 119.30578369132834
80 100 94.2587862963341
80 106 51.61320727137803
80 110 21.466666152176433
80 117 9.455247505220504
80 119 73.01595951025242
80 126 162.0284633316055
80 144 91.01249300946786
81 84 203.19645658084028
81 86 3.2224579195241243
81 104 16.79971862942866
81 140 71.00259466623271
81 143 90.43080611497379
81 159 106.94479570714695
82 92 37.24957709882608
82 94 49.1838685433991
82 103 43.242224044540365
82 104 8.751334949860686
82 121 1.182899226336742
82 122 83.8232154178676
82 145 199.81421426572092
82 148 4.963999110273659
83 87 36.267186070027925
83 89 33.22190264842586
83 94 48.17469036144725
83 104 120.43338336594265
83 106 27.081185944620053
83 117 78.37988712198842
83 118 48.6343675253349
83 119 14.819909575077574
83 148 78.12178637352888
83 158 122.11404589646463
84 113 36.413011239806124
84 117 168.83128747924349
84 120 144.59469007286518
84 122 6.9351271314947915
84 136 21.21059615148558
84 139 47.28126776560077
84 143 80.8057452354987
84 154 15.559689081605764
84 157 62.66223149568193
85 89 325.5065945721756
85 100 36.8611944942897
85 115 149.9614369161098
85 149 4.575295511664151
85 154 65.16467049733569
86 91 27.591901320566965
86 94 47.67967502360238
86 114 198.3482047886702
86 117 190.11139068032477
86 122 82.2972097265501
86 141 180.49147694652316
86 148 119.1552688622064
87 102 150.97946609634172
87 103 24.291214762400564
87 116 97.44844568404018
87 129 18.57321539008844
87 139 9.295217595775165
88 90 1.5084547955587386
88 95 152.62402182359497
88 101 99.36982226234781
88 103 87.15034882471791
88 108 21.285797054701888
88 115 55.00108393613
88 124 20.56638953075643
88 126 17.572390512570436
88 131 53.81147958201116
88 142 84.34775266334957
88 143 81.21679593172459
88 145 41.60560660377211
88 153 40.471217595437075
89 91 126.89578471766828
89 98 14.395693843310374
89 102 504.02946961990006
89 108 46.93992582097744
89 111 117.18724461875279
89 119 0.2503168145186966
89 134 16.98014461805877
89 136 108.06445108005525
89 137 137.9034403442289
89 141 35.78779739479322
89 154 39.07741878932459
89 160 11.573057616846256
90 92 124.80736941075719
90 95 51.49473419178908
90 104 99.64843226767859
90 116 7.662117924128292
90 136 38.54352928280924
90 142 43.91561026222521
90 146 2.0569188648317933
90 152 68.59184054149337
90 157 23.07682905777383
91 94 208.24304125289524
91 98 119.53857250996528
91 103 19.298959202607364
91 109 46.75068094442914
91 113 112.75048207038513
91 114 61.95408706071999
91 116 46.27092824794274
91 123 80.81747949188436
91 124 54.58378973033207
91 135 92.84164385336858
91 145 93.93119107086245
91 159 97.14925600753348
92 99 153.85746709491391
92 115 104.42760994005243
92 117 23.62529262316468
92 132 120.57158623748927
92 135 6.994076993748979
92 160 46.941010026839635
93 95 233.83178657203814
93 113 47.8290768457044
93 114 12.44576438682916
93 122 1.2156004327019125
93 129 45.63643055196435
93 131 54.37607882858218
93 136 8.88467933137624
93 143 30.428736168256275
93 155 67.26394343352842
94 101 31.732492512481542
94 109 16.298971158852943
94 113 90.22675125931863
94 116 41.084107187060305
94 123 111.51213863644853
94 136 67.20508450951999
94 143 82.20896609329037
94 147 40.88099472782797
94 159 35.75056950919457
95 102 99.73414036017934
95 106 57.904781950903875
95 122 7.28436993196646
95 139 17.441604549920857
95 145 69.4624639312443
96 108 96.28815682684962
96 113 80.21650021422758
96 135 39.11760008745528
97 100 11.243741632795492
97 125 7.959542316822804
97 127 354.8432314017175
97 129 11.598329090675612
97 136 76.30512828768533
97 144 88.22590315983724
97 147 671.4879654423154
97 150 94.50675139455414
98 106 76.77605259221296
98 119 109.73512773643664
98 122 34.3565088608313
98 126 1.1534911362637614
98 128 15.031304603279507
98 142 68.65462807914425
98 150 217.75088173610212
99 102 49.165401733140534
99 104 37.05039285365829
99 112 141.94707456596416
99 134 64.06354732217312
99 139 2.152939813560303
99 150 121.68387575164466
99 158 0.9189293225047837
100 101 74.80468621829786
100 108 217.33323951504946
100 118 97.42705427441588
100 119 4.010068935121503
100 121 127.88770630257247
100 122 453.7448006253999
100 148 0.5465474118224847
100 155 27.285091504505342
101 127 95.10835253404
101 128 41.54933539311938
101 157 30.341240521808995
102 109 77.73493650943313
102 135 6.508294936892573
102 136 15.597053929323705
102 149 85.38791965958798
102 159 106.15824933539993
103 110 53.52817470227887
103 111 46.622453974712684
103 143 17.0869143334862
103 154 220.96812109436644
103 155 155.80252020915424
103 161 79.1145996705189
104 105 58.09943120493499
104 108 90.96820238484375
104 111 42.913386042340065
104 131 123.58125571539954
104 133 35.94279548896002
104 137 48.56943309163491
104 157 19.521863584304302
104 158 2.616007251519261
105 117 43.57715543563827
105 128 31.299543542190836
105 158 20.88398777573426
106 145 10.109596700580088
107 116 37.995339650657684
107 117 17.21697927244953
107 118 304.64521567697284
107 125 97.39965671565129
107 130 73.97650908367011
107 148 20.123928128985103
108 109 159.15606784299862
108 115 102.91564606145543
108 122 104.21328011316353
108 136 54.0231622057757
109 149 40.757693833142504
109 153 16.669423641026548
110 123 2.2139388442890415
110 125 141.85134418129294
110 126 266.01069946870246
110 131 77.54253084708367
110 134 0.9938146025858006
110 142 139.06316447244026
110 153 192.98879496037765
110 160 12.221481045844659
111 113 339.540481782469
111 121 198.97297489835037
111 129 108.18764147090972
111 137 77.19816893907627
111 139 65.90724787922407
111 143 153.6643114531551
111 148 38.32695361877476
111 159 7.29639505920688
111 161 49.04254574260375
112 114 32.30264766763797
112 116 78.86447456895482
112 122 44.37107686969323
112 123 84.82141729703507
112 124 20.165295324343504
112 134 92.80190093782863
112 153 41.96714528295324
113 121 6.531668505512233
113 122 9.699163947327344
113 127 257.0649383836281
113 147 4.908447556548442
113 148 23.369311183789844
113 155 53.588378238861914
114 120 87.35327146215613
114 147 188.62949666170735
114 148 81.89779167441093
114 153 15.158075932974292
114 154 16.194145606774903
115 120 13.220781942284816
115 126 299.29742109220507
115 157 35.474735128882394
116 149 126.60854042279348
116 153 5.8730913370863265
117 127 49.26628070492332
117 134 76.67412317472586
117 137 87.30316439682402
117 157 148.41032841174504
117 160 121.8490711980577
118 129 69.52819032273457
119 121 0.18941568831472208
119 123 89.18050265884963
119 136 59.276823426302215
120 125 8.88758420586201
120 129 114.78745902686164
120 136 271.5656265836692
120 161 188.60486241926438
121 123 49.62240042002199
121 131 13.947620025954485
121 135 159.20911174882096
121 136 95.35234175902107
121 149 84.24987414957123
122 125 13.331044411341937
122 145 55.15838563950993
122 149 29.321822293508816
122 158 145.8895475519435
123 124 170.56331015450553
123 125 210.1991688007984
123 140 12.328406431538674
123 144 166.03943499833528
123 146 58.07671817709117
124 127 26.24836060100241
124 145 431.6860704035949
124 149 218.00276995175133
125 145 83.25509406696612
125 159 167.8437858816859
126 139 4.563600955378726
126 145 119.64916142815801
127 135 266.43245155735315
127 149 140.85032459999266
127 159 240.54232910534316
127 161 68.67036005361541
128 146 79.95346507632509
128 150 224.18201686450269
129 135 14.788360240205103
129 142 18.57879805494332
129 149 139.05171887616908
130 131 183.09843396400893
130 132 35.65351815826467
130 139 42.08183973665555
130 144 26.40056579521771
131 132 146.09603576740196
131 140 229.67680323385272
131 158 193.0911752568093
131 161 58.9372381324173
132 141 259.3956204338362
132 143 188.72230955946486
132 145 391.26584311767067
132 159 48.320679238372065
133 135 71.85309597558559
134 139 137.2634466845469
134 148 16.42409186091816
135 141 430.1547191848345
135 143 145.91430604676492
135 149 0.7873220093664497
136 145 16.567104493003807
136 152 15.573828072702712
136 161 70.47533794538414
137 141 83.28821805565842
137 149 11.36848658384011
137 150 90.31604799966212
137 158 18.8383198098061
138 139 37.18066217271068
138 147 63.27900413892731
139 159 31.698782364884437
140 145 39.76637630458947
140 149 4.937233978568205
140 159 8.931878343843884
141 153 5.600352929170129
141 155 143.36003135077266
142 149 90.71097325841343
142 155 27.737884179384032
143 160 18.309012885624146
144 145 47.843884000705955
144 148 191.23650175077046
144 157 28.914191319255494
144 158 100.68215048383021
146 154 0.5753416501425609
148 149 19.979839974997002
148 155 4.496731302259062
149 155 101.38590652250961
152 161 107.30501847038474
153 156 116.25672357019134
154 156 59.70760205703728
156 158 18.754934489841823
156 161 3.7600237567749213
159 160 50.20260172641782
