0 1 4.300370002325013
0 3 18.636975402267545
0 11 53.40904452455701
0 19 97.09198430859855
0 26 50.912305929014146
0 39 75.29333943967688
0 50 75.21370262532778
0 63 151.1259229779191
0 67 28.723542873981426
0 89 28.56982723303624
0 102 89.38084614423632
0 109 336.43653911216904
0 113 188.45088794920244
0 121 154.96979712562018
0 123 24.29064209083145
0 131 15.567360875592833
0 138 10.138109744106695
0 139 41.341330312755765
0 150 245.33820840504353
0 155 112.12720920382178
1 4 26.479600968534495
1 5 66.32044540698823
1 10 23.62388720000169
1 37 70.855720086734
1 51 44.286293747109845
1 64 2.832695847230044
1 72 30.844662121035412
1 82 222.28568834711177
1 83 18.38628588705623
1 89 41.80886348539527
1 92 39.295319341373144
1 93 119.17842064241866
1 99 41.36556954975972
1 100 37.972157237954086
1 110 174.14921932675207
1 119 334.1173004624235
1 121 576.3565380757274
1 132 26.990355503783256
1 152 63.97382266615406
1 154 54.6158270921588
1 159 50.48722524947153
1 160 215.52830926428433
2 10 53.098619119933055
2 32 10.452802074204643
2 34 200.82849084754307
2 45 110.1357290214995
2 53 43.49065284479365
2 55 55.81157427040114
2 90 18.975162169871947
2 98 159.12034257815836
2 105 78.36884296042302
2 107 100.21368166255075
2 113 134.72329508318248
2 116 162.50247698367465
2 130 72.9831278784343
2 132 93.89382586293918
2 142 38.71748690060177
2 143 9.873285734235179
2 145 240.45726319961142
2 157 1.2647308318477721
3 5 223.26447794039427
3 18 9.779144156480022
3 19 44.602269435482675
3 28 11.02400232056116
3 42 1.6389559152715367
3 65 40.13196366117471
3 69 31.934629974533408
3 79 62.99376666346475
3 81 202.13135961093235
3 98 21.085810600639938
3 100 36.77522626474176
3 109 157.38896828705458
3 112 175.40363169164584
3 129 3.1645669452608813
3 152 57.707061942928206
3 153 77.40454090729557
3 159 4.907484143775274
4 7 32.62004165482006
4 26 57.50242582277905
4 41 13.278519875570463
4 70 49.801647108333356
4 81 18.803049082591645
4 88 12.25646510635055
4 97 66.8294604277562
4 112 125.05712203630104
4 148 148.64153610096182
4 160 102.9406120036222
5 10 406.8676332849926
5 34 67.26665980076021
5 52 23.088255071198788
5 68 255.76122201617764
5 73 100.41297846118276
5 82 101.98794726790757
5 89 110.66561562266126
5 95 10.784925838759643
5 99 68.43617057128098
5 143 241.41477543784575
5 147 256.6458500098586
5 148 105.36350994553177
5 157 24.783811132213764
6 19 101.95686762455263
6 25 188.92241035980405
6 32 20.68376437027862
6 35 18.975096080206896
6 53 0.35118400084576784
6 55 23.43700588495031
6 56 3.7980793237956285
6 57 62.861830526886976
6 63 11.866460880582
6 65 17.586587999004784
6 70 87.74155924390642
6 77 52.608718289895826
6 97 32.19009094303735
6 104 47.02962922476607
6 114 22.117172248490704
6 118 20.633958746338898
6 132 40.35914105001052
6 143 25.69452360256101
6 144 18.42440611017268
7 11 158.96310961358145
7 12 364.1524573934026
7 17 13.007802742023037
7 34 24.82196813534106
7 41 45.418779208598636
7 42 118.80161641649931
7 43 169.00196193643689
7 46 1.111162445987439
7 47 8.168054139359478
7 54 74.58871257656
7 55 63.21965268127193
7 67 161.20014801989643
7 68 41.93931695893967
7 70 40.450233670577525
7 75 211.822954743914
7 82 129.77357110176925
7 83 218.67984326005472
7 86 3.541369583913382
7 89 184.71328170772375
7 113 151.05940544172205
7 114 112.22330106372495
7 126 44.808717253542866
7 131 8.042805519782647
7 136 16.43640414038255
7 139 128.09682343644513
8 21 81.93199984583096
8 23 4.342177886976666
8 34 69.92348380314033
8 56 66.4597956007495
8 80 77.4302151991516
8 85 215.0116620472155
8 92 57.903151843677804
8 93 8.148944107851626
8 123 138.96219854039117
8 126 110.31295184439983
8 132 15.440661986131834
9 12 194.36379344836516
9 34 27.499515593786064
9 41 159.5605643223978
9 79 23.774567984079003
9 81 35.34288504548214
9 116 54.57856205893887
9 142 94.02369148382837
10 20 2.4716539907810637
10 21 71.70798908622673
10 22 219.6521716156557
10 31 80.12254915634851
10 44 41.34451688411533
10 49 16.746578077375954
10 67 134.20690496001757
10 83 45.44294106491787
10 84 270.47358303851115
10 95 128.6647515066441
10 105 203.4017979466729
10 108 52.38217207107515
10 115 4.855222995278642
10 124 5.613255391534217
10 135 44.64282024213546
10 141 27.525452765530478
11 16 171.1394604851029
11 21 0.191159364473495
11 26 91.8311985648002
11 27 90.54663323755247
11 34 114.67952692453444
11 47 4.998620905236233
11 51 5.944277605388577
11 52 10.74155531181459
11 60 33.971396798778265
11 63 74.58552294376014
11 66 30.682448911995895
11 67 89.29704945424055
11 77 275.7211053098283
11 80 428.14904205268994
11 92 3.6800181338869953
11 97 41.392444013281576
11 113 38.945482373672
11 125 38.29317805850665
11 154 121.41152591905808
11 157 132.38489067686803
12 32 5.110638649111094
12 33 10.782046813980772
12 45 79.86994986538608
12 51 63.25307895442642
12 62 123.64202717325178
12 63 151.22210226372468
12 77 55.515025524270335
12 94 90.22484442465884
12 95 200.5599173568419
12 103 31.944319571776678
12 111 33.58785559581768
12 114 20.92277047395375
12 115 461.9916462059419
12 120 14.359433153709265
12 122 21.70476706860638
12 126 160.0188619690429
12 140 135.45079532597921
12 151 28.031234089095104
13 33 92.26816326249634
13 47 174.12258143144734
13 68 24.377498775953082
13 93 83.16802553072849
13 97 354.92226641650456
13 101 1.8000356919515854
13 102 141.19700914874346
13 105 33.566708626828614
13 111 309.19720383849693
13 124 351.0616069785632
13 136 43.97713712389765
13 137 12.03425137194882
13 152 123.94876782290719
13 155 141.57834641632533
14 15 64.4284967655583
14 19 84.56341540438746
14 21 44.09578185106945
14 35 2.94830989697607
14 43 121.89854138231559
14 56 52.588829702076865
14 60 8.634447536948255
14 66 2.4104433249239787
14 71 31.71855815775044
14 73 351.2569152232909
14 76 16.618252727859094
14 84 81.0660312248322
14 93 34.51996331575774
14 98 8.249832064208427
14 107 48.34188329368168
14 117 37.512807473842535
14 143 20.270235751444332
14 149 131.39664503840314
14 153 70.32925139251151
14 156 27.24846045209139
14 158 3.4444454650945007
15 19 359.5386557349341
15 43 54.956073675064765
15 46 21.854248528605968
15 49 49.96063748098704
15 52 37.51240841849826
15 59 171.4533317284057
15 64 4.84445421679475
15 68 8.959313230572654
15 84 9.183986792436567
15 101 73.87176034786961
15 120 7.2006329145203685
15 125 53.970113989162044
15 138 13.942971991396591
15 139 45.89163224813945
15 161 72.70802105729916
16 24 29.530981802838827
16 32 2.66363187971146
16 55 40.078262589353415
16 58 26.27818066310796
16 82 1.5424309687726436
16 90 85.01947583255087
16 91 88.15391672865212
16 93 143.7786955396133
16 123 3.3032607494682424
16 127 188.65190974534622
16 131 69.49394368321005
16 141 12.841074770171447
16 146 150.54309247329323
16 150 21.940657799340443
17 22 206.06080142905464
17 28 38.19338315643457
17 29 68.14761613300017
17 75 25.368450242737264
17 91 183.51490798992594
17 111 243.03539262375548
17 121 51.594783454367736
17 127 5.50608704209234
17 145 124.62099282020426
17 148 31.863061904493325
18 29 2.9062153446270935
18 34 109.85781063863502
18 46 97.60779975820027
18 49 17.574450175905916
18 66 22.485613165693493
18 71 14.791765817701032
18 79 52.97953937877805
18 80 26.237929318847097
18 82 81.08307002564364
18 84 80.02657633106676
18 86 47.863855166808165
18 87 280.09941078792866
18 88 120.74047284608508
18 95 17.735174465461053
18 100 8.088667992507535
18 105 5.5225947767225545
18 112 6.199266254434431
18 116 77.32366364918153
18 128 94.40989589082118
18 136 136.98426097346743
18 142 35.58588681683709
18 143 0.3037429136166191
18 149 10.630643917575945
18 150 35.910719195678155
18 155 76.00327115211026
19 28 65.80441647245152
19 39 61.78677570841022
19 42 6.731215110740962
19 46 42.59334529571629
19 56 159.9857557962994
19 57 69.29241143717948
19 60 108.0899814714474
19 65 46.656933061570996
19 75 205.77041917727254
19 77 24.3505443277133
19 99 12.418303982145998
19 119 34.20142183884821
19 123 226.2755809477786
19 127 0.11875088717492772
19 131 35.15814537698249
19 132 70.64194864445695
19 135 154.89569680013622
19 145 118.99939174447195
19 150 212.57549459204267
19 157 360.59557495324316
20 26 168.81878376179412
20 44 170.8755220005667
20 68 87.44290993015926
20 83 103.31593560386138
20 93 241.94334545133196
20 124 150.54816277959793
20 155 85.6677082269696
21 25 5.077194734837598
21 38 8.503939012229297
21 57 4.412201540103617
21 59 245.00627003734226
21 62 181.4324543460127
21 63 158.62408842778547
21 70 28.04296027819152
21 77 44.40185886907576
21 82 26.090674495176057
21 87 16.27421959885629
21 100 7.242899932237938
21 114 26.978040931403793
21 124 0.4090416303293977
21 125 133.52827416109776
21 148 4.046582672735385
21 152 1.0513380194959243
21 154 35.75681671652828
22 61 0.5452717372852383
22 82 8.371698904297487
22 83 4.684190723626562
22 95 32.14141988358285
22 99 19.585683749039912
22 117 77.83403732839825
22 120 66.5049539416541
22 126 31.814263069806167
22 135 409.28563904407554
22 138 99.14539453499559
22 151 16.07013672614842
22 156 67.06967923763281
22 157 5.091891409596679
22 160 2.452568538953375
23 28 65.51657708789844
23 29 319.2629688922136
23 35 416.80680135856403
23 36 77.5717278603743
23 44 5.659517893024973
23 58 53.27770983553308
23 69 104.57701313152656
23 72 51.90100959325506
23 85 16.076470008024277
23 109 240.47907923929318
23 120 31.500783901170784
23 135 107.54527602329937
24 29 187.9714425560736
24 35 19.956463211566522
24 57 32.54663984739913
24 87 60.14288002887323
24 88 20.156236969186367
24 92 0.958600161074637
24 98 56.901200312766946
24 118 96.3526611249219
24 143 93.98837164614952
24 161 151.74301347146866
25 29 24.122265230759194
25 33 39.74493237209993
25 35 203.78054876028327
25 52 70.30259578596211
25 56 100.62884280760353
25 92 16.793998086795217
25 111 24.042759750388868
25 123 54.155834800802964
25 128 25.0974945199543
25 150 63.82199725500576
25 151 49.421896345567184
25 153 9.898235570876357
25 156 71.3721288432577
25 157 64.45338142118604
26 43 141.89668919604338
26 46 25.561801459280442
26 61 7.493897466796439
26 95 16.925861002517806
26 108 16.25299892417381
26 129 173.89665135437207
26 152 17.59070017156347
26 158 85.1244026211279
27 32 131.5854658072278
27 43 6.107732839940327
27 51 79.42373446691128
27 68 82.35527936606027
27 71 37.31142485274835
27 79 72.10403865895901
27 84 177.97131004667716
27 107 14.944013586384042
27 122 12.818805070528477
27 127 97.32094177261209
27 136 62.82489625377325
27 141 107.04394627758032
27 143 245.8783780538558
27 145 22.849325158453297
27 157 14.854030931135961
28 38 3.6044404668426657
28 44 24.857069083595203
28 48 156.81917681372008
28 56 84.85724254847457
28 77 7.354375454321464
28 88 62.64836058431438
28 98 37.45174552497648
28 103 266.4350851941835
28 131 11.761474554621234
28 136 16.500143862091658
28 139 0.1423294228779819
28 149 49.67442010402787
28 153 9.830730490871616
28 157 182.7124385170056
28 161 27.917783126108024
29 39 22.07411625315051
29 44 6.763298063602337
29 61 1.6197910580011912
29 98 251.00302486815664
29 110 166.33415466501145
29 113 99.94415967576289
29 116 68.17312907853103
29 123 80.05890964833742
29 127 19.05055367144826
29 133 49.54876544469236
29 153 64.08759327804763
30 42 41.71550764608835
30 44 14.273034238084488
30 52 1.763469070504261
30 53 55.35648023742869
30 57 20.1439911353652
30 63 9.361301730037214
30 64 20.645484747823282
30 84 164.52111745918012
30 87 107.65763523416275
30 91 43.24978929562736
30 95 6.955218122782882
30 99 63.49261569737174
30 108 106.17485020952952
30 122 254.62178942552902
30 124 84.68044099977467
30 137 143.4515128136502
30 142 89.43692272629364
30 150 110.77086857466685
30 154 164.3511946624073
30 160 52.191030699183635
31 33 131.7713233029094
31 49 9.285561243902887
31 70 26.1425393742395
31 78 42.39505450029652
31 83 76.40005680094761
31 87 6.50771776039913
31 95 15.409208432900664
31 105 56.17475472610624
31 111 78.79252467093454
31 115 17.632264214938267
31 117 31.792767137196854
31 131 3.34521484510049
31 142 171.80226017125037
32 44 0.3036978884213597
32 122 37.55521739589961
32 128 97.12814581922677
32 157 126.0917925124797
33 42 81.65343121051328
33 49 36.710524693432674
33 60 31.691057695710526
33 73 28.367245742282098
33 84 18.068464700106514
33 94 79.68067186663944
33 98 16.98418136319141
33 103 4.27755831569361
33 106 9.100132830142227
33 126 32.50096504702925
33 132 46.950967771411094
33 134 218.23478695333165
33 147 32.15385047212808
34 39 25.835215822627344
34 41 53.06046078198047
34 43 124.35035254130113
34 48 29.039339212939442
34 50 103.52965862835023
34 52 164.92723956404
34 60 197.3276496930804
34 62 0.9200019594667697
34 63 29.149399334393372
34 79 354.05976780074394
34 81 159.50148726816943
34 83 30.63348858399456
34 112 138.3684380381915
34 119 66.2004924957992
34 123 41.696082795713124
34 136 74.19574719865773
34 149 118.09948434504756
35 52 30.580308602654668
35 61 14.004836475759008
35 65 49.27065099525199
35 71 43.53020584423848
35 103 16.937257310219454
35 120 0.17964205402481825
35 125 71.17501819656265
35 126 34.926343352837776
35 139 47.40133568878016
35 159 78.10593294062888
35 160 4.49138702531002
35 161 317.7003053296896
36 60 243.77160861205604
36 66 5.176505911267993
36 78 50.92154157090231
36 88 15.531716678219647
36 114 50.46133340156537
36 117 6.113039459143153
36 118 201.29728429313369
36 122 72.05941477983231
36 123 46.2597797117923
37 44 3.7499781107267505
37 45 32.13352202598421
37 52 87.7973519463992
37 57 147.7558664259422
37 66 92.12105471721962
37 77 28.369758117270386
37 86 41.185068786411016
37 91 134.2029046436474
37 114 11.882899602169989
37 123 3.146477506412628
37 136 7.551985739809198
37 145 60.999346728419525
38 53 68.97070600117829
38 61 7.247933807871627
38 79 16.01461122030187
38 80 21.22626124453804
38 86 67.7714461527284
38 89 6.372694941807197
38 97 115.74894112558951
38 99 67.81229421769918
38 110 133.62235880997054
38 153 8.271877340614287
38 160 6.339694506378654
39 55 14.812430623978138
39 57 5.993463262773732
39 66 5.147130372550741
39 68 165.98954311153207
39 72 148.40556809210148
39 89 77.951049025254
39 104 174.14799836696466
39 141 21.70687062757423
39 145 32.142643955891394
39 149 38.02647726115293
39 155 47.22555644286466
40 73 15.687401712642309
40 83 64.27498423491414
40 103 35.715903675022275
40 109 11.522284167065932
40 111 6.354242349044554
40 127 13.49416007456197
40 151 172.75328873264917
41 45 10.710582947161676
41 54 49.10351278699644
41 73 28.75117870269282
41 75 36.65506691426702
41 76 226.40750748711662
41 89 176.50992345165983
41 93 137.7771737745496
41 99 42.898358107733785
41 138 22.602958511605323
41 152 26.907123656765847
41 157 98.19472298436438
42 61 68.60491898330586
42 66 195.79999147780188
42 69 61.357204664906575
42 72 98.57302064411213
42 99 2.3553901262089725
42 120 5.832262722395548
42 125 33.746848679242376
42 131 55.429591872517875
42 133 148.02347367191132
42 137 30.627676981916256
42 146 4.746336736747037
42 158 120.96024659291686
43 44 144.34822790944685
43 47 64.45256738551883
43 51 118.81622258777759
43 55 125.43669746005493
43 63 452.5642105127843
43 78 100.87792322198646
43 79 70.29131989955951
43 80 87.71802721393392
43 87 5.899008653712006
43 91 472.03804478048556
43 94 21.737996414922247
43 104 24.31953668957108
43 109 7.4059656331661845
43 127 44.28719403194945
43 131 236.59424062262056
43 134 115.89777099789754
43 135 177.1782230486439
43 146 25.542750717844694
43 153 20.18693749847528
43 159 6.5187390692760685
44 45 76.89394866548109
44 46 46.06289109051409
44 48 25.13896763428273
44 66 95.9111865932081
44 73 4.718695797709141
44 80 14.363013205907782
44 91 17.064055411755014
44 108 4.253140176855189
44 109 11.051363829133388
44 113 72.98237625574599
44 114 110.59596118662381
44 122 5.527158686123868
44 129 186.51966468956613
44 130 294.85316901266094
44 141 17.44112557331656
44 144 29.179644694075506
44 147 10.166085338605507
44 154 24.96031300740571
45 47 128.99923852802502
45 55 97.1118531872778
45 60 1.6659937934767095
45 61 41.91874339912745
45 63 98.72544803871267
45 65 138.00180764910107
45 66 99.72883618923174
45 77 1.9890937279112244
45 99 125.46377754839406
45 107 102.07523304129137
45 109 97.5647971883426
45 124 117.52210107089581
45 134 1.1557379107594516
45 137 39.72594741531157
45 142 7.156346482544855
45 149 297.1792032083174
46 55 552.9903525120264
46 59 144.7028327936789
46 68 45.22307949886567
46 82 71.84152272627249
46 91 35.85971885341057
46 123 55.52674092887076
46 127 15.47688170681739
46 148 126.21593552931316
46 154 47.91227409612517
47 62 74.24765442676936
47 107 131.48394944500137
47 122 48.119265528326075
47 123 63.90137743738387
47 140 29.52496316572571
47 142 40.1652240798472
47 153 213.41612329231813
47 159 20.327704154263646
48 79 43.24707408180738
48 81 53.92798068979045
48 82 205.51730556987567
48 88 27.368426482290655
48 90 22.589803644926192
48 93 3.7607705860094875
48 102 91.11903337704044
48 111 92.4101739072241
48 119 206.6978071807571
48 135 5.665119951472388
48 136 32.386042153855534
48 140 162.9430950824408
48 145 77.78579809960961
48 149 28.49671618325301
49 55 0.48981955450060344
49 64 97.12540287840929
49 65 37.1083180593459
49 68 181.43732201695187
49 75 18.843251466229567
49 87 138.07503155201331
49 105 138.69258832521814
49 124 78.11045026561634
49 125 15.30510034784066
49 143 168.33101880022204
49 145 143.1463131873607
49 149 26.760853686109552
49 151 262.6098179411315
49 154 66.10959048040363
50 63 67.561746356759
50 80 42.09891734395593
50 106 40.3627886013894
50 118 4.43287553343307
50 142 14.531250487800223
50 149 2.659035341077297
50 161 12.936800405854145
51 83 54.130805605702726
51 88 1.7887053714357652
51 91 20.21164274456195
51 94 13.112999826119857
51 100 76.22084005799408
51 104 0.26446580185859525
51 109 21.830797395431826
51 118 42.64725897462895
51 122 86.6418092321189
51 136 142.4032864245631
51 152 29.369082677573886
52 56 112.59931349400262
52 66 33.8997594618505
52 68 125.81120272560058
52 71 70.43999289320703
52 79 17.875875514859693
52 84 131.85457744470446
52 106 21.895497461297484
52 108 46.13513512145695
52 120 3.6064146765603846
52 130 50.633686900573366
52 132 3.550556598163804
52 134 13.356625867263107
52 140 55.55916780425213
52 141 26.051805472571257
52 149 24.553077262083043
53 65 72.85780094799621
53 66 11.47540975824802
53 85 142.80917799525085
53 88 115.81853409918416
53 100 67.61785409953124
53 108 3.59086960316185
53 120 273.27097907007544
53 123 12.371484211199958
53 125 198.3409148035504
54 62 137.37551049057208
54 75 8.239946255938662
54 96 183.67265361716983
54 103 10.555854295965645
54 106 208.77272427893064
54 107 74.92540100453057
54 108 54.010848260722256
54 135 107.08027129691516
54 156 62.023716593697046
55 70 10.290753525661314
55 79 145.21548772517158
55 83 5.834478305967384
55 89 20.718498201310013
55 90 115.72225176111083
55 132 106.34810658109278
55 135 112.48063039792714
55 140 212.59454729392746
55 157 312.20878659952086
56 74 156.33432096859175
56 93 158.10195195560823
56 101 45.9916797716133
56 104 34.80654596363582
56 117 155.59141992809003
56 123 140.8827768037081
56 138 16.316835897288943
56 147 24.68028112815587
56 149 29.487011313634085
56 151 3.7097018353307525
57 63 51.20219482747282
57 88 117.48824687348349
57 103 184.67543654216584
57 104 18.187086146788292
57 112 37.21729231019597
57 123 37.90674299365253
57 135 127.63101143042513
57 136 233.40324839288468
57 153 140.40517828885288
57 155 266.26526761239126
57 161 184.56948203442835
58 92 3.925880921589981
58 95 40.86956731010299
58 115 16.75615254938423
58 126 128.95986717887502
58 128 43.92294223624718
58 140 9.593898403360162
58 143 168.7992364985583
58 153 28.12165878008532
59 64 73.74612464513295
59 72 183.96273716401686
59 88 47.32627595603568
59 118 216.68484620160646
59 127 31.66187345563122
59 131 56.4710174052548
59 144 47.734998359404806
60 65 83.13079041434636
60 67 45.25888381680152
60 76 226.8546581479601
60 79 20.429223414015674
60 85 22.53178770678649
60 96 9.59191617512841
60 99 26.8971055240464
60 117 114.59776425810303
60 147 16.899089545967648
60 155 174.40997786567232
61 75 4.822286553635351
61 90 31.693541467488867
61 91 32.360867467948985
61 95 45.14761205252626
61 96 14.633215997902678
61 98 7.899387124083976
61 110 51.86164166053779
61 113 2.0144976992291466
61 153 21.148153712033572
61 157 73.3071281528613
62 63 100.30847220355463
62 66 33.61650189356217
62 76 251.87858964619159
62 79 54.15099553057552
62 95 26.913014773992487
62 118 268.0778571397455
62 132 54.8025551859989
62 141 53.98490878994012
62 143 4.4805633687185695
62 145 8.7373584884722
62 149 61.1367621414871
62 157 127.7156823092684
62 160 64.9700864569466
62 161 56.889763758120274
63 87 1.9998587467502504
63 104 2.445727343548476
63 110 13.262942675567567
63 114 155.5376689710429
63 120 203.69315949336988
63 136 15.514087620396394
63 161 88.98552783988335
64 71 96.39248256217141
64 72 29.373333464882318
64 81 56.30950897683244
64 84 55.000244390494714
64 86 15.422651246674004
64 92 14.481215473307909
64 94 34.18880953811807
64 106 11.491595348057924
64 109 88.97344019207009
64 115 282.5578055282589
64 122 141.1070421769934
64 138 85.65104350110607
64 140 8.445845681295529
64 144 3.7119669530070625
65 69 40.1518504622522
65 77 79.69149234977213
65 79 68.42544010226358
65 89 172.96875249134493
65 91 249.1747948186507
65 106 177.00063013516225
65 109 36.784604395482134
65 113 58.274839522116366
65 114 53.4711687012676
65 118 36.90135864442362
65 120 34.73631359293882
65 126 114.47006065257789
65 133 74.02673564620909
65 141 46.12345215602231
65 142 103.26626264313494
65 160 60.34269110640874
66 75 41.90556853196666
66 79 70.0627728292973
66 90 118.85469546756285
66 98 17.92051224830763
66 99 1.5612354568915623
66 105 97.26831327589545
66 108 177.6334874842836
66 113 4.703363705798954
66 114 57.23052318785751
66 121 80.86203096126273
66 124 36.724472057932296
66 127 17.015894958852737
66 154 19.557958607971408
66 157 8.020049105346967
67 93 39.20038281942297
67 100 22.913219871122795
67 104 148.3771583871654
67 106 170.24058463714755
67 109 2.092499228512784
67 111 7.507671055445914
67 128 26.17365536993797
67 130 9.38605829052988
67 135 100.29188933742614
67 147 12.8022666952605
67 148 55.64087043629829
67 150 6.804923790619209
67 157 70.46920698135683
68 75 12.316963967496314
68 77 188.25808701559612
68 92 203.31800196682502
68 94 51.11096463893797
68 98 13.020519449313552
68 99 35.207900726791095
68 100 54.737034119750824
68 104 201.63340050546327
68 112 321.30309963677234
68 122 21.427891333311894
68 131 179.61866883246634
68 148 39.74957058931653
68 157 11.873132574665254
69 83 138.68498485477173
69 89 0.6478470564035789
69 95 64.12978888794524
69 109 30.601940187708646
69 128 113.46956021653381
70 80 0.5073816025712616
70 112 102.17188639933083
71 76 17.73005064301037
71 81 10.897055705530748
71 84 110.63409953178004
71 90 5.655514639975573
71 91 17.29384367583522
71 93 149.14224756759933
71 96 25.98577379188631
71 97 51.70050458456411
71 101 115.54906613975795
71 119 57.40823858567717
71 121 160.53459101554003
71 128 12.92482152048458
71 137 4.49746588927711
71 154 0.10561833236188657
71 157 17.406039230931505
72 73 155.4675348334507
72 88 92.39656629504927
72 89 4.688604766475144
72 95 186.60721073690766
72 113 121.71990973867874
72 126 101.65100603179529
72 150 96.9427161278816
72 154 213.6563549195613
72 157 73.5877194274376
73 89 27.973019983718586
73 108 13.42225664818247
73 133 101.0744735151253
73 147 239.43693756056285
74 83 22.689583285079454
74 105 26.539504555871257
74 111 192.41860966679454
74 114 42.812029518717424
74 118 59.24272443312073
74 121 10.754772928388512
74 126 184.02582425442728
74 157 83.21764737964489
75 81 84.71893801836313
75 82 29.396256275519367
75 103 144.39562165548313
75 112 52.60212910344907
75 140 93.67413512997555
75 143 284.2462445465789
75 144 88.74451851864431
75 150 109.52617821365362
76 108 39.261136991569565
76 114 187.56270112478134
76 122 113.34754819162323
76 128 124.0595907993667
77 93 2.5195242120509604
77 96 475.40964970632234
77 98 26.32325141870671
77 100 27.876165052739008
77 101 74.92729946527633
77 104 370.70130224175193
77 108 24.64267562411449
77 114 135.54255179827052
77 126 114.38419665661908
77 127 106.32462257708262
77 134 2.6993839878533437
77 143 31.001907771599253
77 157 0.6369606067263188
78 99 58.2986248765293
78 100 38.736442974213176
78 107 5.118921429514028
78 120 35.62498011653001
78 156 25.7933421463601
79 86 128.09743748138476
79 87 66.53554620118358
79 89 15.320316773585189
79 92 63.167360870137635
79 93 210.28919436155712
79 98 3.9622023182056667
79 108 27.402865824157455
79 145 189.23799758662508
79 147 71.8503863158089
79 159 55.75062219711802
80 85 251.71344120085757
80 104 70.20357015334616
80 136 197.0772371116383
80 139 11.670027231559237
80 143 43.139760025796896
80 147 68.59225486146678
80 153 65.04479508540304
81 91 172.37548879223422
81 93 19.587710416626862
81 94 24.193554911138136
81 113 52.11292405396743
81 114 95.81487159022272
81 117 9.447235864133564
81 125 5.755398548023193
81 132 7.5729029239420464
82 83 46.447665158847606
82 87 18.202653423576397
82 99 24.836395778131454
82 101 65.49986317833655
82 102 116.41667167336604
82 128 30.957917015002863
82 136 45.09951490880832
82 142 15.064466489675404
82 153 115.13094399271247
82 160 156.61805329935999
83 120 34.289072678838856
83 122 93.95294371089477
83 126 23.280719432933648
83 134 46.53436853129183
83 142 34.579754561981424
83 154 71.93841221449499
83 155 151.4779267488592
83 156 181.66899264027802
84 87 21.135869329037583
84 103 240.92145428087636
84 112 205.07736190268022
84 124 12.743444207248825
84 128 97.40194370796105
84 145 176.58702299873974
84 150 9.0918282215567
84 151 52.475251543888724
84 155 12.492824490993623
84 157 80.21662786309089
85 91 60.440000733898614
85 97 5.006864205688223
85 112 97.9207881945854
85 137 10.689252991339172
85 140 74.41452741556802
85 159 566.8312659945417
86 89 9.116168279607619
86 107 63.76492943622512
86 113 79.95670508076617
86 117 168.08252488317828
86 126 17.17189280770163
86 132 88.48432204982403
86 145 56.3641653933791
86 148 8.196740469242679
86 151 21.448662320147566
87 116 48.62470805496582
87 117 1.8294094346992926
87 147 156.91607122513818
87 153 28.495151744303982
88 89 26.13897301371193
88 91 242.11076855931884
88 93 223.45687275445886
88 95 109.8162958131101
88 113 70.64706197385217
88 122 55.30213308409096
88 153 57.27848411075796
89 90 85.93137427851248
89 95 71.0129509491185
89 107 44.90532273949087
89 119 91.94503050502294
89 130 107.22271349522131
89 136 29.27716531669039
89 139 4.372061514375517
89 145 6.125458564796706
89 149 12.464281599801675
89 154 13.70973293988226
89 156 5.286259722807225
90 131 119.07884837855681
90 137 11.96108237788827
90 138 85.7790846784306
90 147 167.16485446131114
90 157 8.62472527823762
91 96 167.69543425852333
91 111 81.55412524848676
91 131 166.14552473504065
91 146 14.961703146339644
91 148 90.61657991547943
91 154 108.14618753675255
91 155 97.97169048140321
92 96 4.7729537580009636
92 102 52.7902778193975
92 105 77.28110885592899
92 114 1.5797446883935393
92 121 89.41840324443353
92 127 73.58397327544185
92 132 21.41273668336508
92 139 19.584065033169797
92 154 60.522680804809156
92 155 187.17945971768165
93 94 96.89476960152554
93 108 35.0107884970954
93 120 13.875028153900589
93 124 1.3276576114697343
93 132 133.95182704083143
93 141 105.6610209176596
93 144 50.49496053050941
93 149 21.76760860146544
93 156 414.50535838905165
93 157 281.34126458880166
94 128 83.07457137715694
94 134 28.029600948051854
94 136 49.94045243758298
94 148 6.268234719495984
94 156 207.00002952113556
94 157 21.77168285904868
95 98 3.939788655296967
95 106 196.5873676788702
95 114 8.440870087246429
95 117 72.73806037977346
95 124 61.79106820038716
95 130 1.3885114206609637
95 132 104.12617136845704
95 149 32.888662113574924
95 150 28.881720653653893
95 157 52.840111292636564
96 114 86.58798723501363
96 141 8.333437670225742
97 99 44.0499281447818
97 101 3.1213843878176233
97 103 65.9831587026492
97 116 75.66312438033333
97 130 14.83165520533004
97 135 73.01888572111677
97 157 48.088728472991676
98 111 25.53856540774143
98 112 0.8531422594028043
98 114 5.8466623845465175
98 115 37.989073708235146
98 134 283.1317736949416
98 136 64.20952522587581
98 147 51.689774905702166
98 153 44.793708608681
98 160 76.71475403841957
99 125 62.30150540766667
99 126 33.24952925336506
99 133 0.3148253300251143
99 144 102.97851684672658
99 150 1.2820879017578934
99 157 47.48263531184194
100 103 69.02689563456426
100 108 34.204496434227494
100 111 5.709862167911614
100 117 106.87523653834413
100 118 43.358350493681144
100 124 39.41536383015465
100 128 158.77169060791095
100 131 18.0955161704788
100 136 31.362563204194366
100 149 104.88668834290677
100 153 62.445472544466426
101 115 68.31229771451791
101 136 23.572622629982792
101 144 1.7373539862952363
101 146 97.16466998691536
101 153 22.270596772189123
102 133 2.1604192484437084
102 160 41.42013716610959
103 113 19.762492197364907
103 122 32.82838247435603
103 128 20.374560633893328
103 134 16.17840702324099
103 141 46.78751538064396
103 154 133.88655406052004
104 105 54.166435937774956
104 108 72.30642978141101
104 111 114.94233788494256
104 133 143.96548469703257
105 119 113.51406417749057
105 125 9.42581927245236
105 150 42.473664227799894
105 152 41.715406613340384
106 107 55.60662939024962
106 116 169.52612349386837
106 120 203.2045878261137
106 127 191.83597517637097
106 132 88.57154480279823
106 146 46.69630451619374
106 158 38.14958335490012
107 123 30.720515160739666
107 142 76.41818940990846
108 127 22.547321270719998
108 132 143.71207144085741
108 137 23.193248979850456
109 112 25.100093467661743
109 125 25.482202324938985
109 133 33.85659734670413
109 147 589.2064366143118
109 149 4.793929971150832
110 113 15.227906524670695
110 129 7.461079382659762
110 140 45.101006675734865
110 142 42.39988698384197
110 147 13.590434339935031
110 153 11.75936395967816
110 160 68.21231422996152
111 112 35.427160735768275
111 118 104.4712824014062
111 122 42.134605376477204
111 132 105.99189459620945
111 141 39.63092187859903
111 146 30.7637362796875
111 156 122.56250002963516
112 114 94.65050373700767
112 117 44.25999362645761
112 121 12.473491755251786
112 123 16.80249977173706
112 128 62.53592398648477
112 135 29.831927258928072
112 137 170.8524003772035
112 141 53.931389441831804
112 145 63.07642301813829
112 150 16.240319876664195
112 161 84.75741859326462
113 128 6.281441563917268
113 131 225.16547416543415
113 134 18.25760816252261
113 141 11.54635863462206
113 148 7.538444344635017
113 154 12.45888873960596
114 120 57.73754240196559
114 121 18.8355986526921
115 130 34.09336856772149
116 120 178.0333982810671
116 122 59.37409382204788
116 124 76.48362880751044
116 139 12.030591888103244
116 144 23.936365909800948
116 147 21.938079907873878
117 124 12.205977461681684
117 131 161.6757964213337
117 134 25.005584110723206
117 136 39.25768951127454
117 137 133.88916695829732
117 151 505.0264801557306
117 159 14.193288525646507
118 121 39.40855415625475
118 141 143.88294128475903
118 158 313.34356509521325
119 125 5.921531979096307
119 130 34.232988763694166
119 141 0.6664150797096414
120 121 91.90131336167772
120 139 84.00440222138626
120 141 13.176813617111879
120 155 193.69665908417102
121 122 73.10413207295562
121 125 112.85526041845402
121 136 54.948839380681804
121 147 111.22840448905761
121 148 98.68297811266217
121 154 218.26491258885693
122 124 60.24111163222171
122 131 14.262061523363665
122 135 73.22645325062443
122 136 39.3768601164163
122 138 53.80869758594481
123 129 1.51067129192682
123 136 116.68631831613602
123 145 20.404713632536875
123 146 54.621471716795625
123 150 29.788626749753153
124 137 59.0906680973949
124 138 56.87032829089132
124 151 62.47263954605093
124 154 12.968840880566287
125 151 34.50977982171443
126 127 79.67843868429136
126 129 134.62263809674533
126 141 104.03150606234045
126 144 132.82211904422664
126 146 9.80184953851428
126 152 3.7545993422668547
127 139 11.78486766993181
128 133 138.04873086859277
128 137 114.39754422432432
128 139 129.44364133083727
128 154 22.883209716253127
128 155 71.1143636497173
129 132 82.09817818201877
129 147 148.51800180986746
130 132 37.023386330240285
130 161 106.6309261188051
131 138 28.454510527131326
131 147 39.556570500035264
131 149 34.67244962844096
131 151 50.46400190701358
131 158 133.94987377740023
132 141 59.99907041709617
132 153 40.167119918063804
132 157 164.51549117202285
133 153 207.52110913971512
133 155 9.24095006524089
133 156 358.16393915683545
134 138 56.18127792208586
134 146 53.00920016618673
135 144 96.84481725583322
135 152 59.771077073741424
135 154 272.0263251105048
136 142 60.962420058615926
136 146 34.137159560499065
136 149 41.5963534668942
137 140 40.393585417138105
137 146 190.2051733090007
137 159 79.24114976461584
139 152 83.2681489819339
140 146 162.3781199825406
140 152 24.65658423879061
140 153 4.454273459337293
140 158 132.83779054027008
141 150 410.2395965674071
142 149 70.86189421531833
142 150 35.52932251492781
142 151 131.234259677411
143 149 135.64858799953353
143 150 136.43813356448737
143 156 293.28642048426417
144 145 186.84533734219374
144 150 25.160385735237718
144 151 149.95264075042945
144 153 0.9516884895919774
144 155 34.080666491276816
145 149 8.074090667070672
145 155 177.02907886088775
146 157 120.86258440657208
146 158 285.0178443207805
147 153 25.08960760759928
147 154 31.72944825680901
150 154 62.828167013729725
150 158 16.928051956093846
150 159 116.85634532323141
151 156 193.37174357914503
153 154 57.34975337549518
156 157 6.979719661095793
