0 15 51.053031465240416
0 18 15.289284602767422
0 27 11.684663534271852
0 36 56.882060430074254
0 45 24.125112407751892
0 55 28.433282755852055
0 59 9.76843435069262
0 64 242.59221463770746
0 77 56.08779199083985
0 80 14.55930770047847
0 109 96.22472779970548
0 115 157.5758408241595
0 118 64.02553871347324
0 121 20.76575617987255
0 123 139.67499180724974
0 130 55.75121051711313
0 146 334.57865596798854
0 154 114.30547910336425
1 13 58.24415119818841
1 30 38.25736704306851
1 35 3.16726858440172
1 43 99.71408040479086
1 50 68.76206201741024
1 67 13.912913729256418
1 83 2.0793920082136093
1 86 14.845160729725738
1 92 7.596047010014669
1 130 32.17029918588449
1 133 0.9654583062161519
1 146 49.80263130998399
1 152 50.1966120355965
1 157 14.818546522883977
2 4 56.684673512611724
2 15 136.19135641884563
2 17 102.80738257273414
2 30 113.07386703365997
2 45 21.38482130204435
2 83 69.97160170567432
2 87 5.983558216568275
2 88 21.9415472843709
2 99 27.423447366767697
2 119 188.91347745213105
2 122 91.94974970800111
2 124 7.2186715253217155
2 125 7.579573930796543
2 146 83.61013919727078
3 13 30.694777472062007
3 22 148.29492697816798
3 25 53.46142918245847
3 41 249.44874703581016
3 43 63.91866981161285
3 51 18.753769659206476
3 54 15.818768462302142
3 62 79.51709574817257
3 74 193.99355760762558
3 77 20.92547489223723
3 81 65.86676941191922
3 82 37.59188288256987
3 87 57.37383206233045
3 89 24.553254136980208
3 92 96.8880828850071
3 105 69.79325110012213
3 106 32.904333304986864
3 110 217.52839112816542
3 122 87.27111133474921
3 126 101.18445699606418
3 136 180.12220182220005
3 143 23.3227900217174
3 149 60.71170082196649
4 29 91.48670524851788
4 33 24.269198933690465
4 40 7.012531666471862
4 51 305.27957515754434
4 64 62.18542770831626
4 76 12.948617761572052
4 84 29.75708762491027
4 87 166.63922968248653
4 91 15.526391461130025
4 99 95.21467261901428
4 101 88.79955273321718
4 117 120.89247956022322
4 120 60.56349096059981
4 133 1.1367996718715923
4 135 27.704768169157088
4 146 144.31348712300797
4 147 117.03955032284627
4 152 43.77530565689879
5 27 84.88565092569932
5 44 23.26642295753843
5 48 14.17510009808262
5 50 42.94986406763878
5 56 147.39438763509753
5 57 45.18712777131609
5 58 9.061218812430779
5 66 39.68131676421269
5 73 313.1040491989447
5 80 123.42092772313762
5 83 253.36526197226758
5 94 43.16155538597375
5 98 14.802800837329404
5 116 184.0581152230511
5 127 6.3650535843061355
5 141 359.64520446297206
5 151 215.4062499053293
5 153 90.85680501790928
6 7 177.71088028450308
6 19 112.8710794064118
6 21 84.89324976302416
6 24 30.31053842736469
6 27 126.34542687391145
6 43 363.2569509135045
6 47 176.47758531494534
6 49 203.6916276065907
6 77 89.77580455472119
6 87 4.6677758841623245
6 92 96.97473460536892
6 121 574.5379268649497
6 126 68.54294512615563
6 127 163.5871954321474
6 132 10.80822841073611
6 144 2.2523347724657206
6 147 79.60562137871773
6 148 23.697260643817874
7 8 78.6119757191234
7 10 247.66021915930526
7 11 277.4242770715341
7 14 17.5486632424981
7 15 235.49746762320683
7 21 6.253932863332409
7 23 59.627445399435224
7 25 29.318256623542673
7 30 236.61350821899111
7 42 180.9900113500338
7 53 52.01483760929761
7 65 177.02501596202796
7 75 31.572519718653993
7 76 162.09437478668974
7 87 223.58487062999393
7 88 22.589915218983847
7 95 97.2067182968172
7 105 1.1086524975658283
7 114 8.744804428095648
7 121 3.3407652276835345
7 123 130.97184716043432
7 141 36.992851936044865
7 152 43.6881009264252
7 153 46.45973908336258
7 155 63.52484890353606
8 13 169.9117397048151
8 16 156.4163025483975
8 17 96.20500075802997
8 25 100.21736256643705
8 31 22.008443173423245
8 33 29.55870386675422
8 34 20.842828590318085
8 66 246.41174956685913
8 82 16.455148685898237
8 100 1.0047943074091776
8 110 163.29612139598242
8 132 31.41499774819234
8 143 17.703308662670466
8 144 157.22033667967284
9 35 142.15252086012475
9 38 32.579312737981674
9 54 128.1349031967134
9 60 4.378232303257831
9 65 110.12961210057466
9 67 5.045496042618834
9 68 47.10072258707579
9 72 36.32762426327467
9 82 49.106115256130096
9 97 39.61175627392955
9 115 151.41364527882402
9 118 264.1780393985095
9 124 134.83481395993746
9 129 258.2801560938139
9 136 346.05200838685687
9 139 28.151219171804815
9 151 116.76361519798066
10 19 184.20470503112298
10 26 64.00122893818127
10 29 69.20056134581613
10 35 45.094686757710825
10 51 191.29754895023223
10 60 4.923243944445809
10 70 3.1696364747308596
10 73 188.55557700042186
10 79 323.6863871419917
10 93 95.69228633286927
10 121 159.16120568466533
10 131 15.207454734643086
10 139 69.1947585641621
10 141 69.6831856021502
10 146 81.17521212302697
11 13 54.566573634096414
11 29 2.548717818362894
11 48 126.94741852963543
11 49 103.83111429639051
11 78 72.88223494971207
11 89 185.0743854865482
11 108 199.72378911814894
11 113 12.6914800528714
11 128 77.08533519383808
11 131 78.03534445220326
11 135 88.42039214760813
11 139 10.74226359299403
11 145 95.42200725612521
11 149 202.90204837851647
11 151 176.9297425016992
11 160 204.71417292884905
12 13 34.48844136582134
12 18 235.39945819479902
12 33 55.231419811515174
12 39 22.120851915278294
12 40 172.97740344363635
12 41 96.06296774119372
12 45 125.80964137379358
12 46 119.51043699002228
12 47 32.69814393179273
12 51 228.14444794006752
12 58 63.158638736083255
12 60 72.48909196019697
12 62 50.15067481318597
12 63 104.05346150581866
12 64 74.04834251490584
12 65 130.17230546308517
12 66 311.88265820321794
12 79 59.17149655694848
12 85 317.164741710817
12 88 14.128179267367333
12 91 149.25051964393285
12 98 89.43384563410648
12 99 54.54615779519488
12 103 46.052563859912695
12 104 30.018305638854052
12 107 263.2868200916476
12 108 30.39109430571048
12 116 215.41258546059532
12 118 13.727067668892875
12 124 82.22427657630891
12 133 93.20493348418839
12 139 24.10724049303666
12 141 262.4739982542065
12 154 253.29888995138992
12 156 163.0777552143133
12 160 10.50106055090121
13 19 36.28819428437174
13 20 218.3331759501293
13 22 2.449712312133223
13 99 6.139216982759815
13 107 61.95350012954589
13 114 119.34118033593413
13 124 98.93323599716709
13 130 35.62108501620698
13 131 1.4956480580265268
13 132 20.561774629379183
13 149 124.45571440903475
13 151 7.692828471531909
13 155 14.746378943851697
13 158 90.3924789621988
13 159 59.23979683767575
14 15 179.002728758973
14 26 33.85072441548388
14 30 16.23726458497527
14 37 43.388689788248115
14 46 36.25854259056234
14 51 52.761504006853954
14 53 85.98972114766232
14 57 32.63047941899152
14 71 110.79367064644245
14 75 63.65922248974069
14 84 43.28652656348934
14 103 162.0075173437999
14 114 178.3522087674544
14 141 38.62692313346415
14 154 174.15242507850542
15 27 5.036943211901341
15 28 128.9220461955553
15 34 9.766510965476904
15 41 50.974178828356656
15 47 37.09111370216463
15 50 115.3199066319754
15 54 6.452454737092318
15 66 31.819712207440197
15 77 46.19126287934027
15 92 12.73992029399714
15 105 5.090702535121339
15 126 153.38005598639376
15 129 118.06456455901053
15 130 29.293743490553652
15 146 148.85036802126697
15 148 104.86162635607555
15 149 10.326308866077806
15 154 40.60731626964798
15 156 17.15958512151911
15 158 307.50416521202163
15 159 54.74665914643624
15 161 11.886746804886865
16 47 51.27805103706977
16 51 75.22498172911914
16 55 204.4053185303041
16 79 108.7088309792056
16 88 49.35892338374491
16 92 82.90737402177336
16 102 16.17537095675646
16 131 18.421180972078975
16 140 91.44561602914504
17 40 96.15210867204601
17 44 46.986391502858964
17 49 96.20231947293397
17 55 31.044120093758767
17 61 0.047288907102231346
17 113 69.44767164708598
17 119 69.64256768055873
17 120 18.30990053119819
18 25 5.918005424469247
18 31 110.84448318992094
18 37 7.358925011655257
18 41 88.08110571069517
18 66 24.046986522032327
18 68 64.41914854841582
18 102 25.00018787289616
18 120 94.1287829918099
18 122 12.448824505715445
18 126 32.92336013240053
18 131 227.49282368990018
18 145 109.09253482789123
19 21 46.46266388619191
19 24 731.7346047855707
19 29 73.68450314041863
19 40 46.27633010394164
19 44 117.66200989766094
19 46 22.175351247750736
19 49 23.363251253538234
19 51 46.72148649222529
19 70 117.738244109066
19 80 0.6590892111426471
19 83 49.244236297467694
19 84 89.00897045063884
19 100 50.09987991801075
19 105 28.230455024525625
19 106 152.98011190124274
19 108 113.567608769115
19 116 7.21223436018849
19 123 216.02090608601412
19 125 78.60166341726318
19 141 37.706487778533564
19 142 17.014031743467047
19 144 3.576981265553953
19 145 194.14449341082738
19 148 52.8597398237853
19 149 110.60249131454982
19 151 44.628134774099024
19 153 60.00084150791498
19 154 33.0575712040104
20 25 2.527097113752236
20 29 20.51478267711601
20 33 54.19745130698067
20 35 49.666799117743636
20 46 175.09855691529293
20 54 26.23967439620616
20 55 293.1962626150548
20 63 109.56022736550645
20 64 13.245070502866652
20 71 131.11375248499246
20 73 20.39294919835421
20 77 2.7209058835272892
20 94 154.280627943681
20 104 108.67492215977624
20 116 289.3602228820485
20 119 31.893711979665667
20 122 17.07231593859016
20 135 116.54603210746845
20 143 69.92150026074493
20 149 45.01756098068187
20 154 69.79096902895769
21 30 83.34952824988017
21 39 82.57957298658876
21 43 14.303221707990756
21 50 87.3157998791428
21 53 0.6275401782407302
21 72 1.8319640396629366
21 81 49.16812653734802
21 88 4.469168912057225
21 90 37.95601863334712
21 93 60.047479923773665
21 97 4.026652608156936
21 101 27.514561360223297
21 125 31.621119175821235
21 130 8.433442060744886
21 136 11.963566320755803
21 144 64.06001478989178
21 148 6.917918169468792
21 149 82.36558910632014
21 156 27.357418398808797
22 23 111.24848765251213
22 27 150.6689448169011
22 40 110.20147404467238
22 43 110.66365776815348
22 59 153.2879469011048
22 66 20.694638362161697
22 67 21.289594182231387
22 72 38.64665962533241
22 74 86.14790643635426
22 83 50.579525612710974
22 87 143.968232303877
22 93 32.861035996437515
22 95 43.00039806829285
22 96 17.17009728059789
22 105 62.4054362116766
22 114 40.84450469489307
22 116 15.68290593451699
22 132 50.032042381204874
23 34 117.42226585648805
23 36 114.35986858615165
23 50 121.05115892015678
23 54 97.41513678240027
23 63 126.36799156587449
23 68 298.5247057333452
23 75 4.443420846186503
23 79 380.19022656537095
23 81 132.8209232688734
23 128 115.11456534172761
23 136 253.30210811010295
23 144 262.0063739706904
23 146 87.37688329749898
23 151 62.10989767759499
24 38 149.71660025075474
24 57 176.29464696619098
24 59 11.1314733573199
24 61 130.5115322039018
24 63 145.45094788359464
24 89 16.923534780386397
24 94 40.578590385024235
24 106 56.77073080929475
24 117 90.26973527889393
24 123 122.61524799378104
24 124 16.137108724481042
24 144 167.61813007145273
24 153 242.03317108711065
25 31 61.787173411611285
25 35 2.174347331527511
25 55 23.00468051358851
25 62 37.73904298066549
25 71 146.9391525638205
25 80 17.448096957996178
25 84 41.309344991745206
25 87 34.60538025795764
25 91 111.92132295273579
25 94 17.50590235923411
25 99 7.845512971872683
25 101 27.003940157747294
25 117 27.08416658941901
25 121 91.58273483055073
25 128 26.382983513619486
25 161 5.657334390040444
26 35 20.013649315624892
26 45 298.2071852074487
26 57 15.997442767492709
26 60 34.86198022028021
26 95 39.27753796576328
26 117 330.8703220354806
26 119 35.63635247879389
26 144 56.752368563713866
26 157 17.801856743002638
26 159 16.61546179842199
27 28 80.20829463771801
27 34 21.919031763171837
27 54 63.02280351742399
27 63 21.132322799239358
27 69 30.624506318623798
27 72 27.042834708412002
27 90 17.0641447199978
27 100 47.78078654819972
27 110 94.91122026698159
27 122 14.55974199033105
27 134 137.45062705183665
27 136 32.59994065819754
27 137 8.718346581378391
27 155 7.666113612263985
28 34 16.12595711123482
28 35 17.096800620706382
28 52 26.42980819739463
28 105 78.35583807561653
28 113 58.51170210402024
28 129 64.95452539172604
28 155 43.69202309338587
28 157 34.69552373810647
29 35 94.79450380122968
29 63 5.022211294325634
29 85 0.877119134612421
29 91 76.00583095035067
29 110 27.459956785311245
29 111 95.83028478698785
29 130 52.18405465649061
29 141 4.740003764009026
29 153 70.09350646907939
29 159 47.63417524523718
30 39 7.787657198443151
30 48 40.279730409176665
30 64 26.97964011473652
30 66 136.98801809245325
30 77 99.79418493964525
30 87 22.01016555220314
30 95 98.35511189812621
30 100 114.71339936616569
30 104 243.084189252571
30 112 0.5303226630784716
30 118 312.087927137397
30 123 50.693221593141814
30 124 40.0471261806227
30 136 140.9273955201752
30 148 182.5081801639752
30 152 116.8690662369275
30 153 81.6858399407061
30 157 27.03351280420158
31 71 59.626650029778915
31 81 99.37181663820459
31 94 21.365112874227776
31 102 53.77907790164096
31 104 30.89219950022513
31 114 150.17181498170785
31 122 62.27437786825128
31 132 327.62123888594823
31 136 139.88317699358893
32 37 36.35979422550089
32 40 3.3396833916674007
32 45 0.24471728344853444
32 67 70.79826836526001
32 85 78.0765688713444
32 93 320.10179432594373
32 94 15.734132488961981
32 99 105.90868971121353
32 116 77.6652544729888
32 119 5.439777540411228
32 128 9.36095461400562
32 143 61.92850632812989
32 157 466.74128130866893
33 35 25.41849760497994
33 40 12.947003511677972
33 42 435.94646459943925
33 84 30.732408670094078
33 91 35.54928001682789
33 111 44.091421747447114
33 112 29.692110647022172
33 123 5.771916992395216
33 127 34.53446776194015
33 149 44.462265816431234
33 155 78.56096832178304
33 161 59.62022433249024
34 39 38.16184103054862
34 57 133.08045496525568
34 59 33.30153857697939
34 71 54.61934577529889
34 72 20.287761958518704
34 86 31.160645638350605
34 89 176.28839664020248
34 101 16.347790901595573
34 113 97.67095539734328
34 127 48.37122632518338
34 129 52.46422444191052
34 141 25.174522217677875
34 144 49.86277467560117
34 147 159.3594730018258
34 148 148.32355665453716
34 149 31.717844006150845
34 150 47.78651680643302
34 153 50.99812110642389
35 42 24.847665793037415
35 43 366.25773158161593
35 61 0.5584077068330545
35 62 94.96761702897231
35 65 31.878210373521224
35 68 13.482375665940243
35 75 21.214924761703966
35 84 97.67595741166063
35 86 25.040499493015147
35 87 77.59814822771983
35 88 25.01871972223452
35 123 32.329094576133286
35 129 92.74971402857508
35 143 10.141324527688816
35 144 82.6781762760774
35 150 11.579730641812437
35 161 25.869064798027285
36 40 72.5983496688924
36 49 53.677474130733586
36 67 38.42098809085465
36 82 17.088721339709483
36 83 59.86958687356381
36 85 102.84741187596578
36 95 44.684806752224496
36 101 6.971012385906076
36 107 3.14266171309432
36 110 50.291951211502706
36 111 77.42598640205662
36 128 24.473991039436765
36 129 19.460063573900698
36 130 139.26340383078212
36 137 81.38926826935486
36 147 37.50924697725572
36 152 2.3916373094344587
36 157 59.8226016160679
37 45 4.2766966650580605
37 52 30.83571813550356
37 83 7.90767310529318
37 84 116.92982003471485
37 88 116.13073350481355
37 89 54.928117008723916
37 94 64.16485486135456
37 107 25.864364609902804
37 120 336.1973675686312
37 149 94.44881795356179
37 152 18.664551532081713
37 157 235.77961426680727
38 44 43.959657908029115
38 53 47.59411446786853
38 90 67.1258080029813
38 94 52.903607295045404
39 54 281.1392759279434
39 77 84.80452551415517
39 95 21.637951831787483
39 115 2.4369356667536484
39 120 13.975370834701163
39 128 16.956199337294677
39 129 10.684449552395614
39 140 3.7215533512256327
39 145 115.74317382779299
39 150 77.64998272239477
40 44 48.1718838698589
40 55 154.62354402793832
40 56 120.39000850120125
40 60 72.82694265677307
40 66 106.28403417217295
40 81 33.28847545073241
40 88 34.498076732746945
40 90 18.074876601130867
40 92 0.35140052321958865
40 93 544.721297939591
40 98 69.8841469544554
40 104 14.89590057034691
40 106 121.03002843611206
40 107 74.99684441194266
40 111 48.08443542004611
40 113 22.019809344826648
40 119 1.9236013599057589
40 128 31.980393725571307
40 132 93.1303492477323
40 142 0.04881356255640585
40 144 92.35972122486456
40 155 14.853449245271
41 43 304.03758510370716
41 58 0.7707225016853669
41 61 70.74900833039325
41 77 12.64837065124072
41 86 95.06807298937319
41 100 497.47948722538365
41 117 142.1127049880482
41 123 73.16428562063572
41 136 83.62249901140663
41 141 120.90609084417633
41 154 4.252238700679168
41 158 38.040411494202345
42 47 34.4884174130393
42 50 156.3156477538614
42 66 64.22085723955227
42 82 257.50565932510193
42 83 10.948389008050556
42 89 25.97593383433191
42 90 211.91032506499835
42 100 9.517968078133888
42 113 186.5001163325644
42 137 103.2108208747946
42 154 23.94378782599098
42 157 63.85681032993161
43 44 34.30889256071748
43 53 80.06618734896435
43 57 5.959563769842946
43 62 80.93637086911542
43 73 75.96558854892069
43 75 10.979750919223758
43 80 40.469300400724826
43 82 192.4954621843391
43 87 161.22226808378335
43 111 56.50705536403611
43 116 33.51897965385975
43 127 136.6707919632733
43 129 54.4832009438672
43 131 106.67286234204602
43 143 167.40631275837285
43 153 48.73119143850122
43 157 215.53638736746305
43 158 251.39371793717532
43 160 24.14312290155869
44 45 21.683394070347624
44 47 6.147652071452826
44 50 42.75617414934388
44 52 66.36947318973681
44 58 310.0268705521807
44 62 32.545116978694466
44 65 44.79886196771852
44 73 195.8841907450355
44 77 150.8826120551943
44 78 1.8225218397083467
44 79 180.74703221239483
44 95 77.6505938974447
44 97 21.948177858121284
44 100 41.345855194368035
44 113 11.199424704775701
44 116 46.11449709775987
44 125 13.031720185582612
44 131 7.929653369597751
44 149 24.083665301615373
44 154 18.16115097589533
45 74 184.95401000747154
45 91 17.281047518145783
45 95 13.359865964517047
45 96 129.23474030976107
45 99 165.85644821768875
45 104 156.66847994573055
45 111 17.51426816097889
45 112 247.79711452447987
45 117 9.932670139678686
45 118 74.07253037652546
45 126 78.82204584531496
45 133 11.350673365477709
45 137 150.76016220187716
45 142 77.8422521580825
45 149 91.57797877147665
45 152 57.012347966800526
46 47 35.580382687580936
46 50 19.99253132324105
46 61 102.82508492989035
46 66 299.5682663325144
46 79 26.56046936569359
46 84 352.516394256026
46 87 173.894225496683
46 100 20.306234501393018
46 109 179.4635801367645
46 112 16.279822055231605
46 119 26.09756723962163
46 126 7.418454966590767
46 133 64.05268837448033
46 140 56.270676849290155
47 48 111.17066489798682
47 63 23.82582585026488
47 74 22.368975082848507
47 79 20.820834329638473
47 92 87.33447858585608
47 106 35.22524419433256
47 114 165.9443896014687
47 120 193.93546069418392
47 121 127.82175102295196
47 122 141.4868870692828
47 136 213.16393582861585
47 153 75.38529042308602
48 62 160.9345249538204
48 68 65.215377128361
48 76 76.78553906072881
48 84 21.60086487096664
48 88 107.17711804358399
48 93 41.15333077806266
48 122 328.1612144241672
48 124 113.40200067496394
48 134 10.220523281083354
48 145 51.72035722451973
48 147 82.9907885646699
48 156 27.67658630877677
49 55 48.08994022853577
49 71 74.2406443554816
49 88 6.385482074759531
49 90 135.75752506022621
49 99 33.80898971032455
49 105 21.260721673020477
49 115 13.358857246184634
49 118 217.06889694702224
49 140 24.044544979861044
49 143 40.69066020481053
49 149 104.84411465468187
50 60 38.57005140159122
50 65 169.581965916134
50 113 16.357572239209798
50 129 10.116309594158757
50 134 289.77138313035783
50 137 63.43452350029294
51 61 141.56225694289213
51 66 3.8341760889042766
51 67 343.8391825482896
51 77 34.52756381005279
51 93 40.26342403537534
51 116 46.20212427948795
51 122 228.44535622026953
51 131 5.536262485117963
51 139 25.923445822520303
51 149 89.44370678011613
51 157 48.1858988074633
52 57 7.079512846289564
52 60 25.780087128261446
52 69 39.488369951801275
52 104 95.6713761027717
52 106 6.363974778212499
52 123 4.401497692798656
52 128 8.205967220237314
52 129 114.36747686565279
52 135 67.78547291135335
53 55 382.97519077705124
53 60 167.3570927514518
53 64 28.74966510413041
53 78 86.68791205198019
53 82 130.69645907169527
53 83 56.74725000657646
53 89 83.5098884426822
53 95 282.29108483775724
53 111 51.95622120708063
53 113 49.502258723344106
53 123 3.0626283163694072
53 124 197.73718490838885
53 126 14.919452255643375
53 157 171.73785264132604
54 55 17.590969381684523
54 71 83.15954821705579
54 77 10.4774132268715
54 98 36.23622037315294
54 112 5.168389065375141
54 118 23.43987539898157
54 128 18.691643685150588
54 137 29.878007107109728
54 138 25.52693808374813
54 141 50.874402085753836
54 149 5.221126514035291
55 57 131.94925118989147
55 60 128.40444549956797
55 83 10.179708852507812
55 88 84.63042946068865
55 95 17.353622162939836
55 132 56.47986767642861
55 135 55.9433026888004
55 147 185.38285330397667
55 153 29.529323153164132
55 160 47.76958607793903
56 60 17.83487365108413
56 86 74.4383061314052
56 94 200.10102245305615
56 95 47.45364507223354
56 132 34.965085389516446
56 159 14.788939480220177
57 61 11.900205293411844
57 62 17.83405456293165
57 71 66.83294207745686
57 76 272.9845993846822
57 86 219.05086951844874
57 96 13.7812071164968
57 115 100.6261453338198
57 125 12.105417538579845
57 154 24.64617175032022
57 161 89.60511217502278
58 89 36.15887143887082
58 95 22.649957490890845
58 121 221.59725203696857
58 142 72.69151300966247
58 161 310.361006036189
59 95 124.89882853786114
59 123 21.31773877506149
59 131 61.24799238264075
59 138 21.302115805316344
59 156 31.64816585110953
60 61 34.012840540225405
60 69 100.18583659239457
60 84 22.87991153673613
60 99 8.246371162896336
60 108 95.82417730875183
60 111 125.57176583703006
60 118 29.749316297754056
60 128 53.696162401987706
60 154 64.88229792647455
60 156 22.85266002978964
61 64 15.592735235447659
61 79 55.96719428679277
61 81 30.101908686874783
61 86 19.486164197965607
61 105 177.9225119265989
61 112 47.49138081009577
61 128 162.33058326033867
61 137 50.08860795800574
61 142 145.3045893204263
61 149 27.225755332251655
61 157 2.529627233948595
61 158 2.4825413429428975
62 77 75.90133046820877
62 92 184.74735193290965
62 98 16.548268410108953
62 113 110.45489024449988
62 115 35.131359470639545
62 120 52.91904295266231
62 152 72.24632489440762
62 153 133.27888000559707
62 154 127.96319687132333
63 64 161.43352109578615
63 82 60.85681830325667
63 92 94.2892527881729
63 112 10.202995536691983
63 117 52.57452285285668
63 118 84.39570814555822
63 146 91.55779180416204
63 149 3.17211843474148
63 161 9.18706647477012
64 77 110.68168845873748
64 78 95.65282102354138
64 94 66.3662857454718
64 109 36.45067034567384
64 111 9.135871730029805
64 112 75.71293048243434
64 132 14.806518670660337
65 87 49.28442867355906
65 100 65.193984323417
65 109 7.79760886066349
65 131 15.679559882349245
65 133 213.73633470899213
65 136 23.192399195776808
65 148 3.0662608792672823
65 154 22.22173143973876
66 94 51.49783324536065
66 96 138.94770503973646
66 98 8.119727706973327
66 107 23.65530281381492
66 112 28.997420513195234
66 129 8.677104169286125
66 135 4.36025043092134
66 152 51.99375649277389
67 79 45.99170565084233
67 83 36.34498574299756
67 92 21.583998641377285
67 95 50.90124494688232
67 97 121.47189558283912
67 100 88.69203986704517
67 104 192.3348002245607
67 123 92.34244811252245
67 132 58.51348193798601
67 133 59.299549108443905
67 138 146.7148956196737
68 85 95.89370313157136
68 92 3.0336416609641654
68 110 79.19657669840869
68 117 148.64336482759512
68 150 149.0288625311128
68 157 36.747062402580546
69 79 84.44260771678711
69 82 53.40952546477702
69 83 85.53609206009315
69 101 49.56283850914341
69 116 41.92549959122351
69 118 24.12023249964399
69 137 123.63688305046077
69 139 233.55585252628404
70 93 230.72232329544795
70 101 127.38859689400293
70 112 64.85334120837932
71 73 34.86055051590313
71 75 161.73052278803868
71 99 130.84482122826813
71 100 81.4488787906799
71 144 70.81424589975153
71 145 39.959648588798245
71 148 13.727829713038334
71 157 49.21773379853674
72 79 23.12724236480735
72 83 143.26987964846748
72 89 17.49533584747048
72 99 350.8723841632792
72 128 57.256472871165556
72 141 235.20737952619203
72 149 18.366510574407997
72 154 10.031677478782479
73 94 349.0521217459372
73 100 20.984886314442186
73 113 98.45180573890126
73 121 154.28991793956533
73 149 235.54215824188398
73 151 17.544265038141585
74 79 110.34355694385728
74 84 63.296965968531396
74 90 63.949799018698755
74 99 156.45728720983246
74 102 202.98029944978484
74 115 18.27390844314174
74 123 9.324455378875955
74 136 191.48609854665432
74 144 77.6200233897892
75 83 51.491142480001166
75 97 37.38117589031174
75 101 7.7590435665718855
75 105 85.95567880233165
75 111 36.32236013759579
75 120 108.77576573242428
75 136 63.45163372889865
75 153 63.85558977139861
76 141 3.4941257221503905
77 84 142.966753278654
77 98 30.870300687375266
77 100 28.11787404084064
77 112 59.80070630680201
77 118 26.998021948109226
77 130 223.20499094143406
77 134 21.170489666617627
77 136 130.3011418352767
77 145 328.48139521081424
77 149 56.62377217423355
77 160 49.67216979805794
78 81 12.208917956305333
78 98 13.076567997876563
78 103 142.94267557184287
78 105 46.80885884659043
78 109 215.3322296965077
78 148 46.3043962879019
79 89 15.411175314771313
79 93 63.17589001347632
79 115 278.4323888837815
79 141 223.86972655127738
79 151 89.76972807852911
79 157 116.40234972068549
80 83 187.78384421163005
80 97 19.750747968687094
80 110 29.316905105905153
80 115 61.297169561242946
80 117 27.205618799123613
80 118 20.313907166204753
80 122 175.7009472516745
80 145 19.19023206247213
80 154 211.78676931659473
80 156 1.9127061253109756
80 157 78.54245782203633
81 87 2.039652600303138
81 91 64.39685203113413
81 108 14.654408024550028
81 123 95.74413621981452
81 126 80.14125730389588
81 132 54.27062900936346
81 134 218.7899037556535
81 144 42.49281957868668
81 146 45.69526071884339
81 158 121.02410777974995
82 103 98.60042840649643
82 123 79.67634980749266
82 127 16.497675821772106
82 151 172.64433788417273
83 87 0.49473369370604564
83 88 63.89108603432016
83 91 22.460828464913185
83 93 197.64101554620026
83 102 37.01829287639292
83 103 117.77766716244514
83 109 154.39612518581583
83 114 259.3240516159937
83 118 8.231755866243368
83 121 149.6183684383369
83 125 4.714002874628519
83 126 6.765777386661377
83 132 12.533091929094159
83 134 152.4049307891496
83 158 44.00457710527146
84 89 59.079992793487925
84 92 16.050037838876886
84 100 171.42834243570653
84 109 39.1747229164014
84 126 113.14877389653037
84 136 9.890686254621547
84 143 4.333064140785677
85 87 83.80698081069468
85 121 18.144752783025222
85 129 7.980747568215461
85 131 73.28849542369997
85 149 65.53968161412418
85 150 6.295807650948434
85 156 31.446044853575565
86 106 80.20857383732073
86 108 32.830295668273216
86 120 150.17298449194476
86 135 80.63194823491422
86 157 33.317284031618826
87 96 59.79406636452558
87 107 127.06084256276206
87 117 0.5508227034430883
87 129 21.485277463168075
87 133 94.69207719845522
87 145 34.382568383231316
88 95 47.43923472838966
88 100 196.4334482171377
88 104 158.76408729151117
88 108 6.769538694407451
88 116 116.83281719787662
88 120 84.7345363233085
88 131 36.936727811659956
88 138 87.88609124275274
88 141 34.385031201922324
88 155 189.84611202925956
88 161 10.305710742857492
89 115 6.124337759469164
89 116 26.515944603614795
89 120 12.597664016868688
89 121 195.28174373780806
89 133 155.29665558496586
89 137 19.962628103131664
89 150 78.17706978648565
90 93 30.197373036553916
90 102 56.42368500911634
90 111 56.67009294455107
90 132 128.77847561865445
90 133 14.549717460134923
90 149 81.30122047809247
91 98 29.66649292178687
91 101 0.7987479047979275
91 107 67.74432000576199
91 110 46.09455147593593
91 112 123.7364363908376
91 123 8.314503336236866
91 127 47.09481545455827
91 129 116.54014178133161
91 131 176.95096550374862
91 133 306.3459188185655
91 148 53.072381662546725
91 154 258.2997449016926
92 97 20.55938127633785
92 101 17.851250360920012
92 106 142.68203523971118
92 123 3.2400395773990294
92 151 189.49821832339387
92 154 3.805859037899422
92 156 276.5281014520018
93 98 144.47869338701082
93 100 20.74273060154439
93 102 206.65377717780544
93 115 19.475509388647115
93 119 166.40989161694088
93 123 1.6775544832372793
93 125 22.55223541158029
93 130 352.8528786031875
93 160 101.82573486843675
94 96 20.672076233865067
94 97 25.84796004299884
94 98 66.8359115772994
94 115 21.431607157697975
94 124 0.09583570557468414
94 139 95.01564848374124
94 160 79.82043414287794
95 106 5.970568517552062
95 117 32.47292181979569
95 122 0.01905558285429585
95 124 86.23051650916736
95 125 216.46921478582047
95 134 111.29952897329736
95 136 63.821261825881685
95 139 136.86349952239445
95 144 99.40116111027532
95 149 92.06094220019031
95 156 74.84736382338939
96 111 26.016988780515028
96 132 78.67495112085403
96 147 137.81847126334043
96 153 48.48883577436872
97 100 248.87794377861638
97 125 17.24761280493708
97 128 13.474868067041509
97 142 90.33058867560547
97 153 2.038247909155707
97 160 17.983751920103778
98 115 66.09262792826152
98 122 3.2635406269871226
98 123 171.75940965018296
98 128 50.32646727502297
98 130 14.93841723475652
99 101 11.381509661062118
99 104 60.01086066127188
99 115 15.449722852421484
99 145 189.5543668820612
99 151 28.662989463104335
99 157 20.518837640001045
100 113 22.964870914407197
100 126 26.66956308336202
100 129 39.94501402492834
100 138 125.37564838468474
100 155 40.54016419159664
100 157 307.7611945186962
100 161 2.8486778070921046
101 111 23.379525803038952
101 120 3.8185582053386846
101 122 1.0327269534552321
101 127 72.65364815712444
101 131 13.618250577878268
101 151 47.9253518400415
102 103 254.45040817775464
102 108 153.2323165840671
102 154 131.89625511798783
103 107 369.66370347478176
103 122 79.74825274213234
103 123 25.270963877750745
103 130 100.6071475525793
103 141 27.260158711596297
104 114 298.13564727312485
104 117 188.3840848335252
104 121 29.837796505616026
104 144 118.07097175414701
104 146 13.004476539532304
104 148 13.617139560315243
104 149 35.77149437835294
104 156 94.15988597959233
105 111 100.65534215192746
105 113 177.2136396259831
105 135 74.061960093979
105 144 14.158797231018326
105 145 70.1572679688471
106 123 22.891119433778503
106 136 19.02187399942002
106 144 55.276210452303246
106 149 33.207262733123315
107 143 191.7330405994092
107 154 12.390708311200378
107 158 3.574798084839148
108 117 84.63012698291868
108 159 113.49986040682221
109 110 37.07014088185105
109 116 143.01390973269008
109 139 0.3003861655589421
109 141 102.85822101251328
109 159 9.799094791516817
110 120 196.92372943093852
110 132 24.15284250084376
111 123 201.50158320850258
111 125 14.644591169052777
111 128 23.232210518415194
111 136 56.24832064469447
111 145 195.41642054211405
111 157 494.3377065459575
112 116 33.60541747202
112 120 128.29169691592406
112 126 84.34808885774342
112 129 38.580587455858236
112 142 12.048120962399633
112 154 25.732539711385225
112 157 55.91180736404299
112 159 33.85105214678522
113 120 87.0721570908649
113 121 105.42431642901401
113 123 119.97192784664156
113 135 89.88525560841487
113 137 52.063548604469204
113 138 78.33168377085916
113 143 9.666830510412304
113 150 27.368245928487084
113 157 108.9487773773736
114 123 7.40327992926502
114 130 152.1904411479853
114 136 44.42591611167826
114 145 51.2162058392336
114 150 2.38122728001651
115 117 139.84979316177896
115 154 141.96876207036365
115 157 49.886894824122805
116 118 44.83923665336161
116 122 17.920889549338554
116 125 21.636610686374336
116 131 33.635371269899004
116 135 202.0692235166968
116 138 10.92431658380889
116 139 1.8077278548549414
116 142 97.18434482128826
116 148 68.07596488021078
116 157 114.20518030393103
116 161 31.813731236093926
117 126 57.961050753454764
117 127 67.79675858666579
117 129 102.87891959270152
117 131 216.75760114044675
117 139 72.85712225832441
117 141 2.210424820184858
117 143 37.053330725200496
117 146 15.37658328739158
117 151 44.10906168832219
117 158 239.4861564659267
118 129 137.08781742525326
118 142 47.93647680536174
118 148 21.40368487085048
118 161 284.40449877282833
119 120 59.5415941577538
119 136 52.00647777230606
119 142 18.258089479634457
119 148 114.74921500360176
120 124 32.698729778352465
120 130 12.923574828227924
120 144 162.52925668754895
120 148 154.70911981726024
120 154 186.82604965993357
121 128 27.411034248346446
121 141 106.98728029710448
121 147 10.600357231634034
122 123 96.80406458477987
122 126 32.214043985713836
122 129 52.742376665783866
122 132 341.48180614216045
122 136 8.818514179814839
122 140 45.17261112130046
122 148 16.018487309115706
122 149 39.71300792754595
122 160 15.368293948337785
123 129 5.242346948879424
123 136 18.666081499472376
123 150 41.77181363728658
124 134 308.27088204302146
125 132 98.33450026807633
125 144 51.80620647056884
125 146 49.482018423051166
125 149 205.90867328163426
126 132 164.18781295421903
126 133 67.52055847289314
126 135 93.25767997148206
126 146 20.392962494026527
126 151 61.174348612240394
127 145 220.82646186266552
127 146 50.896924197029264
128 133 94.13782713680858
128 136 133.25605622957983
128 139 3.7117745498749892
128 147 105.24895333466476
128 150 108.19299695646883
129 159 53.69045648544306
130 135 28.376716671295522
130 141 37.33718704978323
130 143 8.865457348239614
130 155 232.3909129993471
130 160 7.851819019546519
131 133 117.45818445224629
131 136 85.16299997517771
131 152 129.39347285847953
131 157 3.5416439707377925
132 133 13.839639945645626
132 151 59.77097112939787
132 157 166.9927734695264
133 149 198.16972938241773
133 154 278.4928577287231
134 151 44.12300439368433
134 159 72.89859230380675
135 142 75.82008206363548
135 152 21.883097499612028
135 154 184.3586684045082
135 156 51.79706970614029
135 161 19.355369121604486
136 140 44.3866923723199
136 155 139.67911555785227
137 151 142.35487154346063
137 157 1.7851870322708099
139 158 73.93783007108111
140 142 44.91917000402294
142 154 57.68802569710946
143 150 63.094553019729034
146 149 57.40531114013084
147 153 81.18628632267585
148 157 46.916231643320096
148 158 80.66297000199427
149 153 18.912836664145285
151 158 69.34098881778054
153 161 38.02292721756578
154 159 69.46615788307199
156 158 27.859336778299852
159 161 197.98622149938655
