0 2 37.97936075460615
0 29 1.3388512137598876
0 34 1.8322835314793517
0 39 46.185037955588506
0 40 116.17529251249819
0 45 252.28874744245567
0 46 115.8502647698997
0 64 130.80604578338324
0 69 20.946560073279326
0 90 271.63336186169363
0 105 194.6686064693962
0 114 94.76365432432854
0 123 52.05978817328035
0 125 6.9517776461734755
0 139 35.671982402172695
0 148 91.02253939496579
0 154 120.0558712673544
0 155 173.09260459410564
0 156 11.071263618183142
0 159 102.64740985122357
1 12 43.008529544109805
1 31 102.56367827038153
1 34 34.62376520426662
1 40 94.6547440247116
1 44 19.184986380795284
1 76 16.9655844311891
1 86 326.31542548913575
1 95 200.55057565196526
1 114 47.48202176992953
1 127 207.86919555746448
1 130 13.991031489681335
1 139 70.33268638087388
1 147 75.4772003653388
1 158 141.12808385473647
2 16 2.373875851355874
2 28 13.036299141216283
2 45 43.55321807755997
2 76 26.502507173547095
2 77 5.208899620170695
2 79 185.38388891902198
2 81 72.54206766624878
2 103 49.97492447323728
2 129 15.369332807272588
2 149 34.235923705834075
2 157 151.11976697651718
3 5 156.06616136933326
3 13 4.097542586634223
3 15 7.1301834620621785
3 21 165.65175039792533
3 53 9.118888652086659
3 56 83.93854289467795
3 63 96.08799033073407
3 78 61.30314947643048
3 85 11.697867223104856
3 97 30.241890319234617
3 99 6.267671535027075
3 134 5.572360309636613
3 151 299.9163366955256
3 156 67.02481890537074
3 160 73.58424604776849
4 12 272.88615188609646
4 26 15.572833417222412
4 83 170.64341819560693
4 86 140.93414923910944
4 89 22.38361877958908
4 91 21.310585251655684
4 93 0.9554951044546846
4 101 103.72895618104066
4 103 121.0416146398924
4 117 31.94185517968722
4 127 49.98334340426884
4 140 31.020935024133443
4 157 425.87379869541866
5 12 47.253989627317914
5 19 49.01907079357259
5 27 187.40857028144458
5 30 83.71947202761876
5 31 16.50377827729917
5 33 57.88394057714163
5 40 69.35950253849455
5 44 127.42975471088705
5 58 237.80786252650756
5 59 30.22765151287548
5 62 205.66039543051897
5 65 327.6004759156072
5 68 51.7076249692376
5 74 178.73606554408593
5 80 328.6888857483135
5 84 16.987276120785847
5 86 197.5762266588244
5 95 197.66545513287906
5 104 6.642913687195809
5 122 168.3293395902137
5 126 113.23070730122667
5 138 79.09915813379888
5 148 69.29106530155728
5 156 5.560789727123721
5 159 73.74217372051953
5 161 18.666730155764537
6 7 97.54516294444713
6 11 242.7125052921486
6 13 290.1173084620714
6 45 104.0843588506774
6 48 19.21046478594473
6 62 13.00292410025249
6 66 15.341266393641362
6 68 30.696492197098436
6 76 6.46320673842918
6 77 106.82517388537511
6 88 136.7411249444587
6 113 74.2295292145035
6 116 13.884637645209683
6 122 29.062522671016445
6 131 33.952700565511265
6 134 57.73197410661738
6 153 198.48823530366587
6 154 58.524793194768634
6 157 22.57500513570831
7 10 55.989360946707215
7 13 135.44716020034699
7 47 193.00487710659547
7 60 92.14581913871918
7 61 66.5299664414315
7 70 59.13194943961462
7 71 10.851412470332113
7 91 282.21964303452694
7 100 43.40276335431961
7 106 1.1974240467623
7 123 23.36970756711003
7 128 138.4197131151444
7 131 136.96949734371958
7 150 179.82810485274376
7 151 49.66499981293467
8 12 47.795566433140095
8 21 9.665487578685747
8 41 91.26315207558602
8 42 180.74497223043696
8 56 189.98071284655973
8 60 2.1956649646956925
8 61 32.31983644433527
8 65 78.63369771248088
8 67 23.503883412225754
8 80 445.6053184897553
8 83 24.179248124426636
8 86 67.81332419457198
8 94 30.650893934663085
8 120 48.89521782921321
8 131 58.595267933639605
8 139 138.724990189602
8 145 84.85043126039551
8 157 3.0948871564151226
9 32 85.64082695194516
9 36 31.41298741345121
9 41 236.34444517000784
9 45 189.49062504436628
9 57 56.68702848968424
9 70 8.674568171015236
9 77 295.9824663729297
9 84 43.91944804361621
9 103 13.096279834655109
9 105 11.570200443209847
9 114 60.5839508350289
9 127 12.50422690691158
9 133 119.38061970495136
9 134 54.50930810367943
9 137 6.327709866783457
9 143 91.27340067361449
9 150 79.97663778241508
9 151 229.75333413757022
9 160 30.578442477540364
10 13 22.024454621404946
10 30 333.9778258265734
10 40 93.59951202505155
10 47 119.72380865499862
10 55 61.892847837024114
10 72 80.42388640097028
10 75 70.4089841454756
10 79 15.176147269928718
10 80 84.25208223556947
10 83 40.853944750074014
10 86 18.624461662970994
10 96 15.432292333570958
10 103 192.38004116685732
10 108 7.013904568100906
10 115 108.19928581839208
10 117 35.716786122866424
10 132 65.98910781459783
10 151 2.1797269213108175
10 160 64.78226686144397
11 12 14.021902033354639
11 20 70.7980586508927
11 23 84.3058197904191
11 24 202.50122706874555
11 43 185.60926083164313
11 54 283.71890380785186
11 55 66.53769336638477
11 73 32.968622234508516
11 80 71.86291984548946
11 92 97.27876780303824
11 111 74.9328764343085
11 113 222.61071967780785
11 117 44.66677066260489
11 120 0.5103324542434003
11 124 78.55617808079859
11 131 46.84894020913476
11 155 429.4745255245329
11 157 125.64887681929568
12 14 9.69638822149161
12 27 32.93924511586116
12 28 133.33557647203952
12 34 37.565969457455346
12 44 8.926722066083212
12 57 217.59986046898058
12 61 17.471997021782112
12 65 2.9223087929009495
12 68 210.93228952515847
12 71 18.413266245158823
12 76 45.58263759053923
12 78 13.79835641419908
12 90 66.67817300820218
12 94 31.495233622164633
12 116 7.243749348725224
12 126 5.1103451749040305
12 128 155.19605028431258
12 137 63.4111320157572
12 142 79.47931303156076
12 144 109.10357091780998
12 152 288.3528745607169
12 153 139.2511773495446
13 21 13.923918004940019
13 23 222.77450820757159
13 27 27.966229763984916
13 29 70.54162865375169
13 34 67.56329608694224
13 41 4.935339176632762
13 42 90.64977687830142
13 50 69.02822847571879
13 55 65.02553060972068
13 63 49.997546069245175
13 66 173.9541201541708
13 74 78.93401873996542
13 80 229.2249063871919
13 88 95.809961986915
13 104 307.6991347817065
13 115 410.46287879681006
13 116 183.62364248867922
13 128 101.08362742167813
13 149 49.2753778665335
13 151 68.72193041573038
14 30 99.39215485227395
14 65 60.96129702726201
14 76 14.583895150785658
14 83 20.815228793353832
14 84 12.913462998469644
14 95 134.85701438491435
14 104 5.441103585625769
14 105 101.61018530230015
14 106 254.50534108145698
14 110 81.48458640322576
14 112 76.84464552544647
14 121 39.456530151526415
14 123 5.985352800131066
14 125 67.6929278942036
14 128 49.919657460526786
14 135 87.71699562885829
14 141 8.92496994445082
14 144 43.65944541060982
14 156 116.39550633525221
14 157 119.19052406732757
14 159 3.8512735606754425
15 18 58.287966923829124
15 25 71.21483164974809
15 43 50.422632795760386
15 45 30.92676040984922
15 47 141.9674964462236
15 49 133.77191078494067
15 52 2.0382905591159632
15 67 50.20520065947675
15 83 3.20772878412534
15 86 0.07859139757117203
15 87 32.46505719469215
15 90 26.507020049076477
15 91 14.558836284589713
15 104 25.23268287102232
15 110 36.24407742171677
15 114 161.85071285664017
15 136 2.065903731256796
15 147 107.97240722766858
16 45 161.9018511868802
16 54 68.83462403654092
16 87 25.526146356671966
16 131 19.486902646954324
16 140 63.83491875044622
16 154 26.35481026032726
17 19 32.35111894248413
17 56 45.83112917039356
17 57 41.17029821837558
17 133 10.247421335865363
18 22 13.754574202695487
18 25 34.280888631434
18 37 331.97166365725303
18 38 313.34240231961667
18 40 38.82149267291529
18 44 83.80495309293792
18 63 8.0150143154782
18 64 5.896558679743811
18 100 25.335608811149264
18 108 25.731324150394226
18 109 244.18774638337214
18 126 14.280767008073227
18 131 2.4681029162519104
18 135 36.093613000138966
18 141 43.25967491744765
18 145 23.090934877651538
18 149 10.255995328883698
18 153 7.137795238257582
18 155 64.63296273692879
19 20 65.88142205507525
19 38 6.828304494079097
19 44 38.98746980472898
19 49 16.092527405673476
19 63 48.64061626960448
19 67 186.46231711047255
19 69 120.83130166000977
19 75 42.109649277214366
19 81 116.88272683032864
19 88 216.371976090138
19 91 195.42650563273503
19 92 73.59508575530417
19 95 57.51387311915169
19 100 73.20404319339728
19 103 98.30910294153696
19 105 9.896935164348971
19 130 0.9551098939439896
19 146 167.29608757924436
19 149 0.7396632584397369
19 150 231.77752239447258
19 161 189.38752178676947
20 22 392.70252344161884
20 39 18.779855869858174
20 49 31.36315560552743
20 50 15.875692280662658
20 54 666.367426024975
20 64 69.35496386475802
20 84 16.46002278677097
20 93 210.64841629084617
20 97 27.38425565834771
20 102 11.023311974889305
20 118 111.57035379243341
20 128 9.963300325975117
20 145 14.076808080548819
20 152 4.49968447802325
20 159 113.85457372606838
20 161 79.98182734952167
21 25 147.79079282940546
21 35 124.19364334301936
21 41 14.452860159060464
21 54 21.024322348347123
21 72 27.660503560742168
21 81 62.49329389457554
21 116 10.459311365683853
21 133 21.686571197019717
21 135 11.472037085789635
21 143 37.54017879081512
21 147 40.6386556868428
21 148 205.66993871011204
21 151 0.32369540784785367
21 152 17.527282677286223
22 33 22.52790090094707
22 44 31.765849323911553
22 59 30.04477922599121
22 78 44.753334085897016
22 95 30.919980421005665
22 103 28.795517320186622
22 130 18.464858395139103
22 141 193.60980370418312
22 153 10.744114337313999
23 25 109.6063334250134
23 35 194.71475868248868
23 44 8.9690256172566
23 62 149.1699107625214
23 63 7.406660024274175
23 69 166.27848330242688
23 73 227.26113726534732
23 94 122.83431931621244
23 101 38.50063147825109
23 102 71.59545993931813
23 112 369.07040201389077
23 118 124.18151909006642
23 137 130.01981017735432
23 139 60.445281961933205
23 144 2.7867976710512314
24 33 69.16175121572857
24 41 66.39170609418251
24 45 0.3257339127268152
24 46 30.041532998458738
24 47 19.442748463176553
24 61 46.31921454149283
24 93 34.894455157623085
24 96 103.0111192351151
24 105 419.8563729895253
24 143 141.03425864508327
25 34 175.56335641666482
25 42 35.766164129912646
25 61 12.358670649670518
25 63 289.1970773249111
25 80 98.90151454296839
25 91 156.71609298310602
25 92 4.968867840516293
25 111 57.48131363130567
25 121 8.837382665954351
25 126 75.69891376011022
25 151 45.748002216331585
25 154 126.30357694803287
26 28 143.6756048320319
26 36 41.02099256296121
26 44 105.55139100559727
26 46 42.587364218728304
26 62 503.66087095064387
26 65 113.30216093495507
26 82 16.749608018553978
26 83 110.68417264748648
26 114 52.96559927445269
26 117 121.90213663957023
26 134 39.57495881903367
26 153 158.15603944268557
27 40 15.498488805174679
27 47 11.11491486498283
27 65 0.9139433063418048
27 96 195.8756144348952
27 98 38.791717256771015
27 103 18.914219229710717
27 111 172.3184233979508
27 117 36.722868628976435
27 119 4.964393991934952
27 125 59.68179061143878
27 130 86.62893339694719
27 136 51.203344648525366
27 141 81.6808742015853
27 143 15.604618111746566
28 34 10.889713800460505
28 44 10.807926823519287
28 55 218.22315854018547
28 67 76.06226844003025
28 72 74.3780885218139
28 84 35.911986380632825
28 92 10.811185906201676
28 142 79.99309540933656
28 161 75.08804831473391
29 30 116.0249255831676
29 33 45.369281009930575
29 39 155.35506595548455
29 44 13.74090624607309
29 45 22.147076834001385
29 93 83.39127441792233
29 104 89.16237498304666
29 105 3.7246220496154865
29 117 127.11910972151611
29 121 74.65138103833041
29 123 160.67057999365437
29 125 3.2229035526286824
29 130 34.03587274803971
29 138 9.618063947246343
29 140 66.94163909792435
29 149 218.58938278610472
29 157 36.38578478867046
29 160 171.61225197048856
30 45 310.6892698192485
30 48 47.59338812812743
30 55 70.51964596984855
30 74 11.782688852622307
30 78 18.666214263749442
30 94 5.448191223144021
30 97 100.56337224502059
30 126 48.522315751851686
30 136 102.79346834360453
30 151 16.02849136818752
30 160 169.92482491949562
31 37 20.785550433878942
31 53 32.144661682979155
31 55 174.40347545629663
31 56 118.86138200317599
31 60 2.8830306564846784
31 82 3.5330750322742106
31 114 4.3050120888469
31 123 65.60851429481693
31 132 10.49110366316012
31 141 10.65943832796472
31 149 129.11569554084605
32 43 59.36750784240613
32 58 94.21908797809301
32 63 40.5565336617945
32 72 88.73402012311522
32 85 86.84746885896732
32 101 26.565061458339958
32 151 146.43419330648348
33 37 228.05520331406913
33 41 11.380857169234794
33 43 56.98898444800806
33 51 4.690326614941019
33 59 167.81132450848958
33 65 44.88801696410881
33 73 174.14588823327304
33 99 16.112281997116032
33 100 153.99710715976303
33 103 16.04910399833806
33 105 64.52943134194781
33 119 4.842331754912356
33 129 113.42002429776639
33 131 29.570179873934645
33 136 75.82310385507176
33 137 46.312940180718165
34 37 29.036560015103113
34 53 114.83952304004123
34 63 92.15109124264404
34 66 174.3167027825422
34 78 95.11199094660593
34 80 107.03046906704249
34 85 96.09036600022196
34 86 18.414902247833922
34 93 117.48029487576899
34 95 28.773563167152417
34 106 17.28212571862059
34 108 139.9642175143271
34 112 317.21085850675973
34 136 2.553407824388179
34 139 1.575672092819505
34 143 195.5974179517352
34 146 233.61956925397047
34 151 30.806278281826913
34 155 179.98278032856382
34 158 60.56117266431163
35 41 17.036791514137718
35 44 45.14052010228096
35 62 46.76001150415508
35 66 50.03382696048986
35 81 139.02888902375767
35 89 58.39691679644184
35 110 183.95336892143345
35 118 109.80534420841299
35 133 85.9848198695379
35 141 35.6354526900922
35 143 19.25028398892189
36 43 132.6626197718473
36 45 35.98840296082867
36 99 129.32995906363243
37 39 11.86254007562536
37 42 137.148047538878
37 43 31.952581162599635
37 44 127.07529522326084
37 51 17.1674469454586
37 63 124.24995392208926
37 66 3.7043573507732552
37 80 35.861243688879014
37 81 180.90623928908963
37 82 93.46652744288501
37 90 3.529943042970397
37 99 11.528316936845746
37 114 29.41141971114219
37 125 123.2214521620079
37 127 75.60989722121944
37 130 66.25092303710788
37 134 118.22833973568024
37 138 5.325135395010115
37 149 8.933516460239222
37 156 29.75768247991464
38 40 44.516908649596786
38 51 147.33880988080418
38 56 35.50037317999377
38 63 7.4346791229711195
38 67 119.64806235737787
38 68 24.552057602311923
38 73 27.670741874197134
38 79 12.125389080701527
38 83 189.54894700469927
38 87 52.78651349838522
38 88 101.83847457920307
38 90 56.66404720966668
38 91 188.11122574838745
38 117 108.21649791932639
38 158 105.38985544629612
39 54 99.38106361273783
39 55 56.09309970802135
39 74 243.7982756741016
39 89 98.30438815294079
39 91 109.07407314759365
39 103 10.817330907220821
39 111 96.73653423374695
39 119 24.061456288169865
39 120 26.97219201305464
39 124 165.8126094916935
39 125 32.24067206738728
39 126 49.81699465486127
39 130 39.743303434839966
39 134 21.133179406604786
39 136 45.049599935144755
40 49 85.62635557260568
40 50 26.792138623815177
40 52 44.3697872879322
40 54 44.5514782470682
40 56 123.68637984961518
40 66 3.931979465386148
40 67 74.83714555024058
40 90 118.11594491704216
40 92 0.5203902168037723
40 94 20.826005767733562
40 107 14.093997609455906
40 113 56.41950624795522
40 134 172.1700310512911
40 138 129.08603069560743
40 158 40.69415052143178
40 160 27.404013133374328
40 161 27.853200956076652
41 95 4.969732941479105
41 105 99.60076439997708
41 118 279.04365952617843
41 147 53.045881109584926
42 56 83.11011361946399
42 59 217.40835442669024
42 63 30.575550269654826
42 74 84.58793765306442
42 78 30.968899684796128
42 84 92.57815414895978
42 88 112.48620459183319
42 93 103.99819519965345
42 109 62.66448377384736
42 135 0.2849835912370441
42 148 43.599121270932876
42 151 69.10123386121518
42 153 80.89116570516506
42 160 3.68794499630139
43 52 3.1028933904418743
43 58 51.623703071537776
43 62 3.641843519397994
43 66 94.74890936540977
43 69 77.89252208911512
43 76 14.658129612451765
43 82 118.75665110372076
43 98 55.157837548173546
43 104 41.51540164800607
43 114 63.00141897219573
43 119 1.806141371799967
43 122 325.218139127994
43 148 34.61636705109355
43 152 42.30030805285047
43 154 10.021039612612853
43 156 34.25957381967199
44 47 34.163634230491205
44 49 53.400101881948174
44 51 27.28011088653919
44 72 39.138613375122695
44 73 7.260161061238127
44 74 21.92634080399995
44 79 13.97447015903948
44 84 78.6466838813176
44 92 44.74954647100439
44 104 23.638427975386293
44 109 130.6881294519848
44 110 215.079500648448
44 111 31.4658884783407
44 121 42.70452370141222
44 135 36.98320736212233
44 138 39.47466645366797
44 142 41.38059976299354
44 158 23.550666265754685
44 160 3.1898342132537896
45 54 3.515320426749865
45 59 67.00066608651031
45 70 5.2918963423822465
45 74 32.3840621412783
45 84 53.95949965367764
45 89 70.10752139496594
45 90 212.86853317207854
45 98 69.20246918852256
45 103 31.962772158849802
45 117 263.5584918587593
45 122 281.8730516986802
45 134 17.363062829866344
45 135 62.434062037049266
45 147 290.7095209857779
45 154 9.839555915361645
46 63 20.22380601381367
46 68 151.61261247675117
46 88 44.2109102630307
46 110 27.661491829536217
46 136 89.54419030653077
46 150 2.562580827793506
46 151 166.23047902690604
46 153 26.92779951819969
46 157 150.71615925697782
47 50 234.0129610906588
47 51 87.4778675343918
47 65 54.372349161269625
47 66 45.05582453351534
47 75 113.16323181926133
47 118 283.11559628137695
47 120 25.658525060449197
47 130 5.405874196076645
47 140 29.51241279778385
47 145 30.90198777177126
48 51 50.186183901337266
48 73 3.579237262180673
48 80 30.34812361643398
48 90 206.11617133878923
48 94 32.23576410363569
48 112 63.51054736445889
48 131 111.05361935741992
48 137 16.4560365298194
48 139 41.620493790492645
48 157 4.022272784962844
49 66 3.9003831566215466
49 73 75.95400015279222
49 75 73.04490903265385
49 82 51.83813971779629
49 83 34.57433045072832
49 84 34.77236901157073
49 91 33.56561945934788
49 104 44.197613220095626
49 122 202.86346544609063
49 123 49.74331106197663
49 129 22.657013914553758
49 153 0.5402095145166329
49 158 46.354746000650316
49 159 62.121200933058944
50 60 22.98365377632529
50 65 140.62073226223302
50 86 15.76813855075095
50 88 12.96388203800341
50 100 23.808281539357854
50 137 14.416683794115793
50 140 15.900588528191156
51 54 18.930030109831858
51 58 10.451452428745629
51 61 58.08817435216456
51 63 29.95066099857392
51 66 10.005391842694527
51 67 134.57467241874446
51 70 39.77904662827966
51 73 54.78104138193978
51 83 62.19690489079553
51 105 39.2684250554476
51 148 21.567692853211906
51 153 38.57122592928262
51 156 65.08365868430853
51 158 40.209423483813175
52 87 129.92706116942077
52 96 53.74288187841213
52 98 14.240400196914903
52 109 126.62933084961996
52 111 59.42126012326075
52 125 179.0054742089066
52 142 7.481563553673198
52 146 180.76131692256808
52 153 33.89479340175496
52 155 5.702752054712426
53 63 2.0408048311274096
53 67 69.1446902284366
53 68 255.06687450428808
53 76 73.44644581689194
53 77 169.35100949299536
53 87 14.263738747853106
53 93 194.94031548572522
53 95 118.58337131905412
53 120 98.52820101955558
53 139 44.117563841790094
53 141 28.218442568042164
53 147 63.90373150256432
54 55 14.601865241644584
54 68 62.945989085088435
54 72 10.429360010181666
54 80 206.61983713318054
54 95 45.69426021367328
54 98 1.7118485358176727
54 101 86.38261107442553
54 117 3.2533868194478845
54 118 26.596059618927356
54 125 161.36681243987263
54 127 32.33334346438607
54 135 11.396821030848638
54 139 16.594115563797878
55 63 131.81949841958937
55 66 12.978338605104277
55 85 44.84334564669416
55 104 7.757282365205555
55 108 61.5452328513662
55 134 129.750734847629
55 136 38.914023774466195
55 144 83.87429476592239
55 161 29.60314298170238
56 98 26.626752973983205
56 103 20.020649772642553
56 116 10.67226918201971
56 123 94.15636766517048
56 141 137.44291515863486
56 154 15.584804829187105
57 63 73.3250712253595
57 84 101.75358891286785
57 89 35.696228148302275
57 99 39.62540935019516
57 100 10.34843053332548
57 106 8.26944089052031
57 116 18.0249108378806
57 119 42.48306928186943
57 122 47.323283950131
57 131 95.07506734749359
57 142 15.778432284377466
57 149 233.65576486439562
57 155 141.96148228415404
57 161 46.29525619869048
58 63 59.39038603052845
58 79 74.48237407352052
58 90 97.58688127509699
58 103 261.01325272733897
58 111 309.40565700322486
58 129 37.38166158159974
58 151 9.267156459261319
59 62 48.3332025942063
59 86 73.01236513624183
59 87 50.83070994500388
59 119 19.56811983711427
59 120 11.7378535183621
59 122 6.231898766390453
59 131 68.92294223571128
59 133 19.311328146702728
59 149 263.83325177926645
59 156 23.942631132018548
59 159 91.10161292460418
60 63 18.20945780742705
60 80 0.7622008046644283
60 89 22.89766743353715
60 99 52.898369408868795
60 113 6.79807224959578
60 130 31.052832904767577
60 151 63.17787181215559
60 152 5.533922856195034
61 65 38.7848812366471
61 80 101.44806485086582
61 82 35.52672132069942
61 94 69.96786957415257
61 95 75.4220530089615
61 100 97.97969795873396
61 104 11.043822311441742
61 111 72.28616188659338
61 112 36.77921774377358
61 117 57.23745046544805
61 128 76.33588119171793
61 131 150.69666368241536
61 149 6.328264748490283
62 72 29.76115014628882
62 100 71.2093222335883
62 116 138.8623357097714
62 117 140.6965247737976
62 122 79.36605286577833
62 124 138.85989883950134
62 137 40.694533019453104
62 149 75.49806895007649
62 154 393.54345541477386
63 68 35.03582017821265
63 78 46.10146634309173
63 87 62.34465586212675
63 89 255.83074312850954
63 117 32.51895947270156
63 120 180.93902170445688
63 123 22.40851410218728
63 131 131.43337137902878
63 144 32.393314090318455
63 147 19.185981638308515
63 150 115.69162171799877
63 153 46.30045478154967
64 80 25.608346773605994
64 91 143.91551743753897
64 92 62.47974136940496
64 100 23.801948529133533
64 112 200.57844107141742
64 126 95.26628622194642
64 129 71.58166046898586
64 136 17.163016987902775
64 142 51.57839050763378
65 69 89.15961613276171
65 72 62.37909730552917
65 88 57.40324146072895
65 89 221.36523054627156
65 92 36.573574421349576
65 94 33.02629407750868
65 99 30.69999423103979
65 123 90.68293741706135
66 80 212.02603664437086
66 87 21.232881471905444
66 89 23.646538149255946
66 90 207.43356078880228
66 93 108.24647545659224
66 120 5.476861223101572
66 122 116.6986963354064
66 129 20.91958361094976
66 136 0.6921623219443096
66 141 146.7471750240274
66 149 308.360106895402
66 154 1.4147496308833183
66 161 64.65426816089246
67 71 4.3532926654392625
67 80 87.44274865340476
67 81 2.2031664033936926
67 83 11.191613944526251
67 85 125.61661635942897
67 91 80.8997897694887
67 99 65.90217831184228
67 104 57.886369203048204
67 110 146.10941460912565
67 115 140.87369225947427
67 121 109.36350234010247
67 125 98.55780174117737
67 129 163.44614763795332
67 131 52.16235372168699
67 137 66.86893130906212
67 154 63.26768553849327
67 158 67.77863159452131
68 73 38.811101139861165
68 74 152.7237215362841
68 80 209.01996332155915
68 89 38.06381071759693
68 95 7.948919736496291
68 106 60.673423264777846
68 108 29.395311524351154
68 110 123.94271254372802
68 148 39.035268597334486
68 149 28.908443291085277
68 151 187.09888731902575
69 71 4.672944628031294
69 82 4.9101445930751755
69 102 23.882013418040323
69 106 6.718311705577268
69 123 9.714730961911176
69 132 47.13214929907742
69 155 193.0676039955255
70 88 306.2727438448724
70 143 237.7994327375697
70 161 191.187246582476
71 74 8.466221113608768
71 76 59.66356398856615
71 77 42.99015671709874
71 83 5.9008159286733415
71 88 38.16259521199704
71 89 111.87890903301178
71 93 16.88543878838692
71 94 9.391883366179377
71 117 86.7875480417985
71 154 101.14301554059746
71 155 6.711422787923266
71 157 0.7582469722567483
72 75 51.56210253966048
72 77 21.919115633840306
72 86 27.066281655755997
72 97 51.13585055390713
72 114 18.496245095963875
72 122 8.544540050717375
72 149 15.96226086553184
72 155 6.074904347318097
73 86 213.86599811872438
73 100 89.19368310594594
73 110 119.183388436138
73 112 54.698325226425446
73 126 172.09138875147315
73 145 61.647216972315356
74 98 48.28864185678577
74 108 274.80300485620086
74 110 377.65233907545
74 117 5.82191415969005
74 135 2.5895282160419333
74 148 10.404983893666513
74 149 24.894599682119317
74 157 38.83325209510856
75 77 30.07352721919189
75 87 12.928621270878487
75 92 39.301494061520806
75 96 163.85921248974827
75 100 49.123525689352526
75 104 155.53320300222958
75 120 144.27063774556535
75 136 28.265746547901323
75 145 357.36161098866825
75 148 111.91710629458086
76 114 173.80579033669892
76 130 38.10407439860021
76 138 71.48123686449706
77 78 59.203795964008464
77 80 51.056828357056204
77 92 2.233327825324226
77 98 56.54106935390309
77 105 111.90299916958443
77 108 19.23526763915052
77 112 16.65121436451559
77 117 48.90679305749896
77 127 1.164976890137782
77 136 309.4074769129056
77 142 13.283699899558039
77 143 3.8670121879653188
77 144 32.662613778508
77 145 287.0641925738868
77 159 38.14206958141433
78 83 47.561664664242485
78 84 10.86663216414768
78 88 178.7915766547632
78 93 17.000162106504327
78 98 152.46519272586818
78 101 17.399279272026032
78 105 13.018552646036806
78 111 193.4719488307183
78 114 26.758398868822976
78 128 32.87957802706237
78 134 62.675493352532946
78 143 58.253903840147764
78 149 35.63703290532672
78 151 164.4594869261619
79 86 120.6372289162575
79 88 246.96703664476118
79 111 189.69883887492034
79 117 199.80318676056254
79 130 106.88644648057937
79 131 169.95888117313362
79 136 27.630950231926906
79 144 84.06457145426269
79 151 43.213313833738866
80 84 15.369139700699803
80 89 225.2697502381625
80 90 228.86379868354052
80 119 118.44944247979655
80 123 135.1313299731925
80 159 67.43215209073986
81 89 47.04536529992144
81 99 187.6043796048602
81 103 47.92264423917207
81 107 54.060524442534174
81 108 7.766262427703625
81 118 42.153770987513305
81 132 1.6353377533724882
81 137 25.209025188718034
81 158 50.701997998915886
82 90 4.715059792801141
82 100 86.63113356342953
82 104 71.54211046452313
82 119 46.07032711706174
82 121 14.667728345517734
82 131 175.16620827154543
82 139 77.54803885349067
82 140 15.339370643280093
82 145 121.66261771945888
83 91 1.174367838679101
83 92 89.88652624561684
83 100 83.61195265850286
83 113 119.55379761171407
83 143 320.3455433622346
83 154 119.53345421636875
84 92 88.14850994865989
84 103 70.78237422282093
84 120 101.11542633090308
84 122 15.345011465632423
84 129 319.7708745488955
84 130 94.98598112121358
84 149 90.74122869645232
84 154 63.680441621600565
84 157 77.64265423126083
85 112 23.961736863974718
85 149 15.615453303372057
86 116 50.34589125706893
86 122 28.03576234264898
86 125 118.2162265822022
86 132 182.92051533398543
86 149 61.34441383276138
86 155 115.95007881700677
87 91 3.4758814692773607
87 99 30.83913291200847
87 106 164.17006072703973
87 116 108.97594544275391
87 119 162.72969870566092
87 149 3.1351230312806204
87 151 50.02996105027619
88 95 34.19104156776024
88 106 12.827360684796755
88 108 56.21974187859403
88 128 29.884668794024677
88 136 119.18600910421505
88 141 78.64865170148319
88 145 526.7440975764346
88 148 206.34704325536046
88 149 14.959824490139288
88 150 42.8672715782009
88 153 1.5742568799544874
89 94 70.19398580629787
89 103 178.11321726616637
89 125 361.7700289160647
89 131 9.031900324999565
89 132 191.19854047927834
89 156 49.289137239486685
90 109 136.4202066841677
90 120 72.1275873291649
90 132 14.81912735410327
90 157 248.29147323671225
91 100 2.847311681540217
91 118 32.37178843720542
91 133 21.07182629517951
91 139 92.77492756887456
91 151 17.090165057936925
91 156 40.13213194876938
92 103 7.1579252570872605
92 111 18.47187897762435
92 116 83.21606658456986
92 122 35.434737772175815
92 127 74.93423348268075
92 140 14.501084865999415
92 146 142.86176815970384
92 154 33.00113276612807
93 95 95.29434004812579
93 100 11.914301758970211
93 116 57.60213123104824
93 125 104.06729953130453
93 128 5.928936258278235
93 129 85.66528035447477
93 150 67.70646143053791
93 157 14.129217964960763
93 158 20.465913900334307
94 106 27.32829160577233
94 114 69.48261298115379
94 116 42.584811309052874
94 118 38.563945529776284
94 122 73.62825927027511
94 123 1.0624601695513318
94 128 35.44557027711778
94 130 115.07256326127784
94 138 85.8322837977571
94 158 2.8051516438624664
94 159 30.413128297507154
95 105 15.61109105392284
95 108 180.81413469373587
95 109 15.306720424662513
95 123 14.649937459594353
95 130 98.44779718437508
95 134 56.42467717511937
95 142 2.023718683222524
95 144 150.94408505908316
95 149 27.085905953340344
96 116 350.09834190995724
96 125 46.44526088483526
96 136 17.188288993471566
96 147 67.70710454306102
97 146 47.51096621521822
97 151 132.90469941839672
97 153 9.497756108301733
98 100 9.543299336332977
98 106 199.85244346272236
98 122 110.0317563417528
98 125 11.654583164491534
98 132 15.58350437939208
98 134 50.79535593963867
98 138 48.065727478106595
98 144 3.035136367397382
98 153 4.80202958948081
99 102 210.33384882081822
99 112 32.3867233596398
99 122 80.54912680824373
99 123 75.6807013211176
99 136 51.794330072392896
99 141 14.954742121888712
99 143 165.89731472869883
99 148 55.47597444023841
99 149 33.79550018015501
99 150 18.814952501005678
99 153 84.31433253711185
99 155 192.9370378206318
100 101 261.52302293576
100 112 120.08042211733655
100 116 11.703020589951986
100 128 20.730519007835426
100 136 180.66728810973575
100 140 32.66555260163638
100 151 46.80184387290664
100 157 44.100425913792016
100 160 14.400867612958034
101 116 19.438149734886235
101 130 51.546713960869795
101 142 0.8809137988606448
101 147 18.139429303191697
102 131 100.14134004586387
102 151 41.073508448030964
102 157 87.91840176844576
103 133 9.516443973175402
103 154 76.6904535503644
104 109 4.8050459874564275
104 112 96.9707167819713
104 123 72.22682538824581
104 135 17.61239210652059
104 146 12.300308114859197
105 121 52.53859721084834
105 124 40.27268002945323
105 135 150.08387197097855
105 154 26.749869913690297
105 160 229.5853987219965
106 112 22.386029997864973
106 116 14.186373253310544
106 118 141.81046903525882
106 125 47.5535658904884
106 139 43.35708331258207
107 110 86.4799345299024
107 119 127.45941494286541
108 110 322.279824139857
108 119 24.330354932361736
108 121 162.3544506099484
108 123 4.3812596290440595
108 130 140.32841375627365
108 151 22.836848792673695
108 159 200.66635260975912
109 116 83.86656295639855
109 133 238.83508006973807
109 150 12.683005307405189
109 153 165.9387638184384
110 111 19.094155658936163
110 119 5.681833994918028
111 114 19.67530631550638
111 116 19.90094882829933
111 142 6.859717753799407
111 145 1.2722906371712386
111 150 84.98438024405979
111 158 19.11642722149831
112 120 73.95838002296247
112 129 66.17088372764029
112 139 41.4416872717406
112 142 301.8832802042284
112 143 92.9185348101826
112 149 73.43796394891359
113 126 21.956190800979467
114 115 51.13880855507549
114 123 63.9055624376291
114 148 13.797753010982628
114 154 77.36995435303064
115 123 206.63423303032894
115 135 24.947915503937466
115 142 108.98238350031103
115 158 35.01588313160422
116 117 63.294684489809455
116 121 193.9898675578741
116 129 23.87388556827785
116 130 11.505832516223085
116 154 150.16783013653574
116 159 22.88719286479116
116 160 7.8555971198638295
117 119 124.40707117754033
117 123 73.04429137005863
117 128 63.96652814079415
117 148 69.87854264220852
117 160 26.30729200483277
118 119 31.55108847555523
118 144 50.91131249605474
118 146 100.9531796173353
118 148 83.65018129477751
120 122 110.19651619680404
120 125 23.792616963780706
120 130 4.519524411794884
120 132 134.4405026426888
120 133 27.23466510880579
120 144 9.52194193683595
120 145 248.05078449099932
121 149 81.08237364482142
121 153 40.96161779194067
121 156 111.55336083573557
122 124 151.01253321030023
122 132 161.7983583528133
122 155 72.90838323224902
123 125 23.545448337847002
123 138 45.91670675863256
123 148 82.08481535943835
123 159 94.41382884615517
124 127 60.361850642915144
124 132 30.850640024227722
124 153 129.13751586673098
124 157 8.350306375263242
125 141 100.50453952866422
125 148 44.52574711507828
126 128 288.85986301010774
126 129 3.098585988309749
126 153 60.937533259902274
126 158 178.65268316171108
127 137 15.981318911591641
127 149 15.11435947595318
127 152 151.71826983776646
128 144 190.350416153694
128 149 7.658449593929129
128 151 97.8061689334786
128 157 66.64436942623023
130 137 140.8275393647251
130 139 49.89735566018916
130 145 12.765553436459
130 147 182.83079453767078
130 148 32.528777497962
131 150 16.985471991708835
132 139 17.54412983925995
132 140 113.9833744659832
132 145 45.44909478179488
132 147 105.43664038494718
132 148 93.97075208468152
132 154 151.3897965206112
133 135 42.586764522965915
133 150 33.989351271269264
133 153 92.45626844532387
133 159 65.42512338131975
133 160 26.665743362909637
133 161 6.266137902168948
134 141 109.41562615756172
134 144 18.64011601319102
134 161 3.408049035968469
135 136 212.89694538857327
135 143 9.795223688346097
135 151 10.750109618548546
135 153 99.10330086495686
136 154 175.22472626071954
136 159 125.40499205883286
137 141 74.72331671196906
138 159 238.91855167667612
139 141 86.59326573617582
139 147 23.173178630864175
140 154 14.053900562642298
141 144 76.03648832325679
141 154 59.85981723251398
141 157 9.115151250896304
142 144 216.58789196352438
142 149 377.6566879238846
142 150 2.590592981191974
142 157 34.68479331740425
143 144 16.51978793123423
143 155 179.43281576396245
143 156 108.170707787977
143 161 23.223981428861507
144 148 15.461602308091653
144 149 165.2009438915091
144 153 74.95114512923777
144 161 15.247173809222446
146 152 2.9315731760132735
146 153 18.816740634856043
146 159 83.84952949362851
148 155 94.2485379188409
150 160 42.88318740588056
151 161 29.031041554524315
154 157 99.60292501301058
