0 7 312.29733151080774
0 12 92.8937325690842
0 20 26.99666886661474
0 52 52.21110597365074
0 57 167.2221831596567
0 64 170.83350050994977
0 67 89.52036178557724
0 74 90.72033836593698
0 81 29.265768003588366
0 88 31.413983791407208
0 132 65.68108876975784
0 140 153.77943880192456
0 144 44.033324608393855
0 156 321.1237244934514
0 159 15.045171075601665
1 12 138.67013500208324
1 30 80.09676217727603
1 44 47.92397941001733
1 53 15.201418209432681
1 64 46.86555544869466
1 77 104.28881744729289
1 104 222.43186615132214
1 116 75.79493759875555
1 137 193.86693281773483
1 141 246.91731032564172
1 158 8.074660872823836
2 3 13.75241291444953
2 21 66.65544677476024
2 25 130.17634101459183
2 27 38.06112230051123
2 34 13.815429417617366
2 53 36.15427969068709
2 59 60.428562954354106
2 83 95.61665074716092
2 104 64.18918476748857
2 115 46.882942447649434
2 120 22.08842630052273
2 141 0.617961553716234
2 146 93.95164062469033
2 160 15.156984698573131
3 11 43.98490567506305
3 57 89.49864966168565
3 70 123.92293249148902
3 75 2.80225757151981
3 78 3.377629108544817
3 92 172.4246312916039
3 113 37.824342888558114
3 125 35.97149159214176
3 130 15.228226476736358
3 138 28.95489032421369
3 144 367.5048681639287
3 154 69.76229315684407
3 156 23.52065582460281
3 157 157.99291035017123
3 159 37.04901140885233
4 8 1.3137983578935128
4 11 55.660411947831854
4 48 7.421754789111912
4 64 33.73721115192992
4 67 45.964018940967364
4 68 215.3182101711629
4 75 311.7487336437912
4 80 31.193303162851095
4 96 2.350972215703859
4 103 43.62305292844329
4 116 0.6953706665597508
4 121 3.394814366063722
4 132 219.14753539569486
4 137 55.80885977669777
4 146 15.176604021163532
4 157 170.97645908867221
5 7 18.681849852094604
5 8 51.32965887944537
5 17 19.93456890569177
5 19 158.24148956378286
5 25 141.16385450798907
5 28 297.869752313034
5 30 12.210536717419378
5 35 25.138215657259877
5 40 43.42478145400869
5 54 95.0430987864816
5 56 43.628181584880046
5 67 18.487856278410526
5 79 231.02961754053032
5 89 205.27591208511996
5 109 67.82291151731462
5 118 5.715994236863137
5 138 49.14964132393239
5 143 103.06667277489964
5 146 21.219986355840827
5 154 1.1973038812981964
5 161 56.911777567379886
6 7 270.9377846163094
6 19 81.55507945670668
6 73 5.181146247174207
6 75 47.97011582565591
6 76 432.09319433139973
6 79 47.8283656118967
6 103 184.17187608295643
6 112 269.34637439348296
6 122 111.95808136346585
6 139 73.09385813771281
6 143 21.849782193156386
7 9 21.36726629507431
7 18 28.2291848675448
7 23 198.1545394853461
7 35 187.50332062296297
7 45 243.94378638020657
7 46 10.216942692044242
7 55 232.29790863109133
7 58 0.38993638404224357
7 63 118.06376041701229
7 66 172.51681872054507
7 120 43.418325416246226
7 122 110.08088459979201
7 123 60.469625805743256
7 126 131.7927042568894
7 136 92.80535237869996
7 137 79.86064116826162
7 148 17.34095299179798
7 149 16.602738328806918
7 157 299.52014408663825
8 20 67.21572606890574
8 33 74.44554373844939
8 43 139.59745804676572
8 60 20.72465384682761
8 62 49.7590672905189
8 87 1.3599460936178518
8 91 232.94015822101898
8 111 48.442428993499895
8 124 39.747281325187764
8 148 63.922840673557815
8 159 198.6681948298629
9 10 236.85738304496897
9 19 88.1224656614036
9 20 29.879753313383812
9 27 31.98594614123452
9 36 103.8654951571326
9 37 15.529224193031347
9 43 105.0771124580555
9 47 44.29469431943842
9 52 41.16098798619924
9 60 16.147582655636615
9 82 182.54709924388757
9 83 10.212856028482783
9 87 21.925218265363984
9 93 4.787610606695675
9 107 49.165238636130425
9 110 6.288097791839558
9 116 76.56133645447882
9 127 66.17339625054723
9 128 31.294186902552372
9 135 415.59628987219617
9 152 112.59885660401937
9 157 33.19363154095139
10 20 49.65266280011733
10 23 73.45234548927834
10 24 39.96365284042717
10 36 46.71724364429653
10 46 19.50903758659282
10 60 60.01251870419396
10 64 171.37904517237544
10 73 119.28844856842825
10 74 93.23484555101234
10 80 152.00867332747723
10 88 16.88355095636941
10 89 50.62849123046624
10 92 94.27926585082464
10 97 24.874111368649398
10 105 21.534858267123116
10 109 52.93175122153667
10 110 767.1301530770771
10 121 120.4286834676732
10 122 96.35145187051138
10 123 43.31783470283076
10 125 199.4834021534091
10 134 73.06016732383942
10 141 16.17814110566532
10 143 63.30214107516794
11 15 131.22298352994852
11 24 57.255662723097245
11 31 157.18551682707275
11 51 9.127990183308548
11 54 174.275650441815
11 61 14.429325494340985
11 65 76.29034424202636
11 87 27.558508671422693
11 88 29.060383872847698
11 98 18.69004218996122
11 101 28.319522976920265
11 141 237.4864774419175
11 144 21.157629330886802
11 145 187.5372190092661
11 154 9.045734639860553
12 15 132.00496823783035
12 19 244.81201773800515
12 32 188.35845583256372
12 33 22.38127956689406
12 34 244.9417845549846
12 39 98.71546343365615
12 41 86.50343822858876
12 45 2.8516637730525054
12 51 5.128721841102592
12 52 30.681005795605344
12 61 113.2242515807376
12 80 212.44494128531238
12 85 27.295206756812107
12 87 4.54330123181675
12 95 73.17827234289045
12 97 112.77906324140346
12 98 134.52059749980452
12 100 495.3706440212913
12 102 129.42205722521908
12 112 102.5145636142908
12 117 10.957912859608433
12 123 127.21871595224249
12 141 22.773929108311805
12 143 6.838131629751951
12 149 56.74119049571488
12 155 61.66107532350983
12 157 55.20717803673477
13 16 107.66392975157291
13 32 116.89777327296103
13 38 202.24417564704493
13 57 28.705539467703822
13 60 58.12641369184024
13 68 70.15133988702158
13 78 10.808050543728752
13 79 89.55420178769536
13 92 65.24719996713947
13 124 56.514680664189385
13 134 78.03133175655555
13 141 218.41937801594457
13 149 128.04536136549487
13 153 7.9600630695828585
14 17 25.079042556941666
14 20 16.168036122162704
14 43 139.42616859840993
14 57 31.308770462381197
14 86 22.659633448881145
14 89 156.85652404623576
14 97 12.753314964305883
14 111 54.49832724602455
14 119 233.17292827126
14 120 190.6061172920116
14 129 206.29859918541246
14 149 76.77346544854954
14 159 69.71295437889208
15 19 58.74506372004313
15 32 83.00711130595496
15 65 21.524293294597374
15 77 27.903646657920294
15 92 133.5508504127967
15 100 27.84862109078098
15 114 27.163964800474076
15 129 195.3931767701714
16 20 30.21868236012052
16 22 96.92334797823378
16 38 36.70259429338125
16 39 57.1410880564503
16 45 8.449098021994383
16 67 142.4269897084523
16 85 32.35395826433338
16 99 3.5325967143045065
16 119 167.94913923586483
16 141 46.33227079419944
16 157 55.73139081603166
17 29 144.23331464853837
17 48 51.932500479490265
17 74 176.02464534645222
17 93 24.133271205144908
17 121 54.21717802518744
17 142 4.063659674858209
17 150 1.7091804158161743
18 20 171.92385947653574
18 28 28.93638011865307
18 32 72.72260470783277
18 36 16.307528330788397
18 45 13.992189146791352
18 48 162.83918656412652
18 53 38.07973824711518
18 86 153.25558592483074
18 100 5.534624075338713
18 106 248.36833799967258
18 113 63.33165580156098
18 121 25.98052376709281
18 126 11.353178342718449
18 129 20.36878969743349
18 131 7.492870281990883
18 135 198.97355408068415
18 147 21.355134356912806
19 27 2.008843979387731
19 36 87.99857054162634
19 45 276.410282498877
19 51 198.75658743631217
19 56 90.19243056875412
19 68 129.62891157628965
19 69 304.12563836063254
19 74 91.8598963414928
19 89 58.567127539700856
19 91 37.40416442548688
19 92 150.84979570064203
19 94 55.904342721806515
19 97 174.41829152537048
19 98 14.090338307265284
19 104 28.202178379898672
19 114 77.88350134409656
19 118 24.231227048052972
19 145 433.5708343133018
19 156 18.65100135570113
19 158 33.86522571210394
20 30 33.40031626470019
20 33 48.29043526787798
20 35 6.587301123556459
20 39 5.614066778283292
20 43 28.178009576560594
20 58 205.7369606811009
20 70 68.98257740062722
20 74 61.60885418667028
20 89 113.61863656699614
20 106 94.80330088315728
20 115 109.67707111550065
20 118 8.781203687443908
20 130 9.415186799579834
20 141 16.612579312835248
20 146 38.40264610750558
20 153 139.99026441129118
20 160 34.02395463923841
21 23 115.00781274426434
21 31 12.446934871629246
21 49 1.6499983222986254
21 50 5.274130965869726
21 60 105.10960253489917
21 65 67.25081058585445
21 67 40.5130359864895
21 99 66.8978255974162
21 104 31.566266184519513
21 120 28.659527396511255
21 124 46.04142954388001
21 138 25.315401122636995
21 149 19.86977806223978
21 153 18.745201791901383
21 158 0.5462970421157428
22 27 104.42019491497496
22 37 30.55541178232527
22 38 176.16001404955654
22 65 15.713451715765542
22 70 304.9924447675724
22 78 70.04284880457462
22 92 96.86886427446385
22 117 75.72032167810691
22 134 2.910707281514096
22 144 82.28075899217927
22 148 136.9327284680424
22 149 113.36114162103362
23 37 351.470137201387
23 44 13.755495900910633
23 45 18.973910260195378
23 47 524.640481081042
23 49 111.60108622931587
23 50 98.24724113741904
23 57 254.13892076640917
23 68 11.042753941034563
23 91 77.59942329222794
23 111 273.6426314142077
23 113 56.967195749583055
23 114 28.067994445818574
23 117 51.174201964181876
23 128 75.17139584324136
23 161 291.4408858271089
24 56 113.63841185165222
24 72 55.58372843143947
24 141 35.16031441601642
24 142 13.43250076857684
24 148 41.38665631124536
24 150 56.57429094380242
24 155 13.696081371182405
25 44 55.060490294858056
25 53 60.76830106863056
25 59 44.74556432653251
25 60 9.117979696519653
25 61 4.336068591110253
25 62 152.2569146190901
25 70 218.281903720094
25 87 65.40070556927168
25 88 271.43665562700755
25 94 154.36411343308978
25 109 72.7214825129996
25 122 14.514640403811491
25 126 33.86010588469819
25 127 87.74513334776891
25 129 89.60750163155956
25 130 80.91807865821802
25 135 134.19425109002358
25 144 33.78364161070427
25 146 99.68499437314019
25 155 180.98252435264783
25 161 65.26101953641754
26 61 79.6608486638983
26 62 85.6180259908747
26 63 49.5446149636451
26 65 19.49873607814232
26 88 169.00103063377438
26 99 173.96602616323455
26 101 194.80587436120308
26 106 113.43772840512763
26 128 54.15243722702563
27 39 39.106142999267114
27 45 5.8549438468075214
27 50 13.736469155261748
27 68 29.4272593919274
27 80 9.99990503495171
27 83 23.777999569037284
27 98 9.918623606947808
27 104 125.16380338390017
27 119 47.20926752965826
27 120 46.72615665018962
27 123 118.47473203525753
27 129 58.647389933364465
27 149 33.072873993965175
27 151 62.317238102569334
27 153 0.6903782040339596
27 156 15.340712279534642
27 161 254.88622935869387
28 40 93.84074229884997
28 88 58.30403397475542
28 130 96.71734009178779
28 144 82.28897115581456
29 42 30.592952461035015
29 66 6.437978795150668
29 82 21.089410449851542
29 88 83.72284243736323
29 104 15.963375431084124
29 119 51.25301675114307
29 131 11.220439328700802
29 136 20.139163318874875
29 148 81.09124446521832
30 31 5.779069022144294
30 35 2.478933185234887
30 45 47.51871884617369
30 55 53.06561407356873
30 66 67.58925381029367
30 75 5.327711929847667
30 104 120.28508900661856
30 111 7.757221622427026
30 122 48.24721347418132
30 124 31.60450705512219
30 148 6.358902527174764
30 156 100.9132883400269
30 161 110.6235393338304
31 33 7.121246149222373
31 34 199.370887751832
31 43 1.869427496927159
31 46 20.132115324757116
31 47 17.253668712101238
31 66 109.73865512142802
31 74 76.38221822271966
31 88 53.552228660285
31 100 34.47720367585736
31 106 15.881026094062182
31 110 3.1681346158695334
31 125 26.27979882825822
31 142 95.97173783574225
31 150 24.08646150645115
32 44 294.224609750216
32 57 19.62323852587737
32 67 30.08587714197016
32 68 4.470686755566907
32 69 39.12856899007287
32 79 98.29810491088006
32 89 190.60425455856995
32 92 62.47059254877848
32 98 64.32166610791664
32 103 30.122365173969815
32 139 80.42225475427297
32 141 89.91776833081373
32 156 24.702463739531325
33 36 145.17435486083545
33 44 41.10285050913039
33 45 12.976171760267485
33 47 60.20277563825213
33 57 129.15382363075955
33 67 159.92822702161018
33 75 5.2131403992455
33 84 122.37057734303306
33 89 177.93478014978197
33 91 89.9420979737157
33 92 226.814450982427
33 93 11.06965677225373
33 107 52.85380544781381
33 121 31.950130690395103
33 132 20.87695663088278
33 149 13.58627533214166
34 39 118.97668561984868
34 40 9.458260196787368
34 42 17.970823712560374
34 51 102.04287612728272
34 54 143.14480910229733
34 59 192.76729586087728
34 64 59.00636084634793
34 65 9.389690348957192
34 101 30.116075743262034
34 112 27.100641256515694
34 115 54.27404711442077
34 120 3.3550453484084253
34 140 64.90983140380851
34 142 1.6774494774788302
34 148 50.95280848348172
34 151 148.01198990506745
34 157 31.47620635907762
34 158 157.18235746701137
34 161 61.36017990361835
35 41 10.489995522801863
35 58 23.039605226687577
35 62 127.18393941971115
35 63 27.007371633706338
35 66 139.07236448834445
35 84 260.4115086023294
35 86 15.919435287407607
35 88 57.50062275670511
35 99 21.68004643768827
35 103 141.49025851336128
35 118 81.70665000296857
35 120 191.65575519394773
35 121 28.967609259335223
35 142 44.30994483834106
35 145 25.621448491087904
35 153 20.609052959559115
36 37 113.07911942123174
36 38 125.07535633463273
36 42 173.5160876037953
36 44 100.26786695253875
36 60 21.77590986808258
36 81 76.59166532814866
36 105 4.074252395657656
36 125 65.66691921040909
36 134 133.20008544655738
36 143 3.191463893636948
36 149 14.06775623941122
36 160 41.933900134195646
37 49 263.9836894360582
37 53 45.80353528209538
37 54 7.525825598408682
37 55 210.7040393448104
37 60 7.021110582337857
37 63 19.253982543381326
37 80 28.020055256685342
37 85 38.617299004037854
37 90 28.8673251518686
37 100 155.10537154707407
37 102 64.0130252561659
37 110 150.04811213773561
37 116 113.37624947320391
37 123 169.18929249467584
37 126 78.33430826348634
37 132 100.28794828843154
37 161 111.14371444518879
38 42 20.975452270476328
38 47 316.0382695774853
38 72 75.34681746986388
38 111 222.01812973621801
38 123 23.410692952576532
39 52 12.263071956925174
39 55 37.74889237934298
39 63 178.01921851781023
39 74 112.899108157111
39 78 50.43361098135822
39 80 171.03881404436666
39 81 14.390047955959767
39 85 191.16102327920092
39 89 36.452229238497516
39 104 34.49675588837737
39 120 8.410325550856957
39 136 13.844371861465708
39 139 101.18176810102806
39 145 187.97383660329433
39 153 0.681768728582838
39 156 140.32616729192117
39 161 434.1956966829241
40 53 144.33898635307045
40 55 389.1672443978154
40 60 96.52723640842449
40 83 4.066267303201848
40 84 68.83692008906436
40 87 54.635495699571656
40 89 93.53748592591171
40 95 1.9029510801533926
40 97 87.92409246302212
40 120 94.29830933640191
40 124 51.10053154934639
40 136 70.25113312353115
40 140 69.59520659436664
40 147 230.0819090467262
40 159 48.27524419450381
41 49 9.760354351826201
41 58 93.96092967353844
41 59 379.1959421508105
41 66 44.95174388674392
41 81 51.59254122399639
41 82 40.958677893371444
41 84 81.11038907584232
41 89 81.19208738485703
41 103 5.0253742295944015
41 127 81.00742129748052
41 131 22.083612002021134
41 134 108.39131380685966
41 142 12.502535804338311
41 143 87.74502763583331
41 145 57.329452917106494
41 151 513.1105860828407
42 49 9.742552173884487
42 57 84.86345597751423
42 62 35.80666320554244
42 63 101.7858786489791
42 88 12.639978750929439
42 103 88.20563338167541
42 112 32.82937357931081
42 120 99.57508575897758
42 122 153.7828245057696
42 125 126.6484606686605
42 130 18.18377604192629
42 150 380.80633038126535
43 48 11.20897468183219
43 56 87.43922786516036
43 60 27.12800382456497
43 67 54.1563543480072
43 86 60.12564445517692
43 94 60.47832547629114
43 96 287.65250347193245
43 99 26.937923503919947
43 100 483.2055222473894
43 113 164.12946569467286
43 120 43.2752093707242
43 128 13.184742684263224
43 142 6.195858017532654
43 149 1.9882577305439286
44 61 177.44335982105505
44 63 22.04101914584443
44 64 40.04677009029007
44 65 65.41455522334958
44 71 76.5123201691112
44 79 48.848535601591486
44 82 66.31815476729447
44 83 26.277820717173896
44 84 198.81241185249843
44 90 39.2050844984848
44 92 16.96973957858962
44 100 146.53398767026718
44 114 31.303494929050927
44 116 37.08074824033797
44 126 213.94860774628808
44 127 164.45012095119333
44 128 80.5845375343487
44 129 57.56641323104492
44 139 175.8194310060615
44 141 34.69406956259047
44 143 27.45106558506555
44 145 132.74013747269876
44 149 6.689960358999587
45 46 9.676476533521171
45 59 246.30805977409818
45 64 65.01781848945448
45 68 82.33156842400884
45 72 5.0679978970606925
45 75 103.0084028819841
45 83 2.525964330883116
45 90 12.356880743748548
45 105 25.304776010705908
45 115 2.494153333114131
45 123 39.66547529147124
45 129 133.6118468962859
45 136 86.98587663959174
45 137 34.057384595687
45 144 116.3907328432587
45 152 10.942065684209414
45 159 189.00159073012685
46 47 45.624239152064405
46 48 42.131259393199045
46 54 38.6240837515347
46 57 97.93031032851557
46 78 88.3750398689866
46 86 6.026445649568235
46 96 57.94459010114316
46 104 28.117138456061994
46 105 28.044937781112104
46 106 33.00207414997855
46 125 29.53597739620123
46 131 14.928970492451542
46 137 83.7510870325819
46 149 3.704839560541895
46 151 125.25683992099206
47 84 111.89785298076018
47 96 21.775932360639082
47 136 12.994946709380681
47 141 48.72737344895788
47 151 122.82319774502332
48 51 207.64902779372858
48 61 50.689574273944565
48 68 817.2181442210216
48 74 14.101237327356946
48 85 94.65266275323896
48 99 227.72037438860286
48 101 82.61482125783864
48 125 56.267962638883304
48 132 18.090407284781417
48 139 3.641642823393773
48 141 20.04121045120853
48 143 92.6665402697675
49 53 24.10488475018607
49 61 15.673655054605167
49 62 88.05440120803901
49 64 39.5586232351691
49 65 11.906967927207758
49 68 77.45526187300388
49 80 100.66710400131909
49 84 24.553024452889463
49 91 36.48076765593204
49 93 7.105430018883662
49 136 108.35278533852318
49 158 110.55717068087529
49 160 147.1998100686507
50 54 3.542491112590872
50 92 132.5109134436084
50 96 192.80317713846995
50 99 72.414456511899
50 100 133.81150193199403
50 107 134.501091482001
50 126 27.04844431825804
50 130 17.85063691426094
50 143 3.535998214925578
50 149 0.4552958686483832
51 52 13.238840736596995
51 54 33.56908466300586
51 63 191.26197865938033
51 68 43.411692497421484
51 72 24.011988390516947
51 87 51.078113346046024
51 104 97.23916637680894
51 116 65.35622735118952
51 118 113.66778382452986
51 128 18.21463235412522
51 129 30.25878796924805
51 133 3.110408992823561
51 137 60.77736748717769
51 151 12.471452122610907
51 157 37.05911100287826
52 60 10.47793462998294
52 79 3.896981607225177
52 93 181.52959036837726
52 132 44.32695224647757
52 148 90.6158027036362
52 150 38.868223238433146
52 153 81.12366660443658
53 79 62.717414129025244
53 89 53.92555579667188
53 108 19.469038878023163
53 111 22.89044957432482
53 121 38.613329217580386
53 127 45.42656982375376
53 131 80.70648507689671
53 143 69.97802960701537
53 152 13.813674761260891
54 66 125.18295665753821
54 67 5.237373113622539
54 85 16.47580550408488
54 86 116.12631833778646
54 89 13.700034224391013
54 114 32.627984693368234
54 136 25.738437269269095
54 141 9.71838348318966
54 142 0.4855816815173547
54 146 55.192251220891286
54 147 20.721861136811025
54 155 170.41144580875343
55 57 155.89449017569677
55 62 50.31261192076545
55 78 87.99273749751957
55 80 61.689000733762086
55 88 15.994354524084939
55 113 123.45217083544034
55 120 140.6807340222988
55 121 301.9828259232195
55 123 51.830793220104745
55 126 13.694571377739107
55 133 4.330688186075663
55 144 2.933699029622581
56 57 159.27556568788464
56 76 230.6533851031504
56 80 51.385857342599046
56 92 134.30181411844202
56 97 140.64618983100118
56 109 225.45686586925322
56 117 3.23443184702817
56 121 5.445703518148886
56 122 28.805955852761723
56 128 3.2976906959747327
56 130 26.54443407937497
56 157 279.58322069097505
57 60 243.75610241285216
57 88 52.88590334348455
57 89 11.83728624334248
57 97 142.33991245080824
57 99 49.156833688295684
57 104 109.50563615352502
57 116 27.145805205785134
57 123 47.12964531974983
57 135 41.44186897046214
57 153 22.213137208027394
57 155 45.095350981090114
58 63 20.53852291128903
58 102 130.35848322988048
58 107 3.1429231371315143
58 110 19.0285981634929
58 112 25.875854119432883
58 136 107.15784788311402
58 155 38.227310915534325
59 62 5.8930653669046755
59 63 136.85075280498242
59 70 77.81751516693099
59 74 93.50835792496478
59 85 50.16644347729175
59 120 22.274597334310414
59 138 11.971993304743016
59 145 196.34355732589617
60 62 53.73444174427577
60 69 61.90407065586034
60 86 72.54014085768162
60 93 59.31083359713811
60 117 189.67713733692503
60 129 72.85277037517369
60 139 133.13885091935043
60 147 204.56714125900996
60 161 65.18258159936356
61 73 0.018296869789010243
61 75 1.5988422632465493
61 84 12.872290005260737
61 88 91.74782964258596
61 97 109.52142809212576
61 102 77.6000276277155
61 103 218.75774634718695
61 106 93.10560006772862
61 111 54.695159346266585
61 113 75.5828644241423
61 123 34.97522971923931
61 130 13.952063216301113
61 131 16.058407090491688
61 137 30.915475076079073
61 150 33.43270563409499
61 154 14.063835824103109
62 68 112.91770255602579
62 95 88.93707816371155
62 101 3.683925881374257
62 110 325.5328164630344
62 122 201.80828742481776
62 135 166.31216322111774
62 146 72.16307043372296
62 153 144.48938156820196
62 154 70.78608997703076
63 82 71.99623873981291
63 84 71.95366059767517
63 89 91.51146239950937
63 110 42.37036506757993
63 118 158.46578425915055
63 119 243.31644192375384
63 122 27.700888774375105
63 128 57.88412173443311
63 129 0.5899485870344958
63 143 26.12564095171753
63 148 239.3112890554223
63 151 310.675478765238
63 161 11.91651029027512
64 70 56.59946428153936
64 84 8.214619477426949
64 86 7.945765507135448
64 115 10.728352314974387
64 125 61.773343821307016
64 126 69.38528905300184
64 128 199.36386460526978
64 144 85.88818836463787
65 71 35.779127672697534
65 97 144.61364551020174
65 102 41.83939335480085
65 104 10.491411200815127
65 105 31.058636182363248
65 118 27.307356887879056
65 120 357.30086362367643
65 131 55.519399629662736
65 136 166.701586689221
65 144 70.84183283176975
65 161 30.494332181275116
66 78 52.96863102273299
66 88 149.3755068803281
66 100 16.494028235089072
66 104 13.04213859976077
66 109 27.411913293402463
66 114 32.534189857749396
66 119 39.63591511235705
66 135 12.527497809278696
66 145 36.5562919788465
67 81 129.99463137653464
67 87 29.71840702227109
67 88 32.80917142167425
67 89 34.031663237544066
67 99 13.019080694281925
67 100 1.6764789605910162
67 119 44.02746424834058
67 120 2.2699736799694845
67 122 116.3762124726693
67 147 91.81078629902223
67 150 36.25878021345944
67 151 3.3285534215306964
67 154 12.169805230283634
67 155 23.593021626658427
67 160 84.67272426233684
68 74 6.0678869575726315
68 116 42.12016598039732
68 119 165.82230834374982
68 121 6.730942750607554
68 130 5.010030691778739
68 134 295.85493944031515
68 141 49.381207827645326
68 149 302.9093271980037
68 153 131.45534243555602
68 155 581.0376751110521
68 157 176.3863903740859
68 158 20.210984858989928
69 83 27.11430306027968
69 84 11.131428330153462
69 87 4.241514679687943
69 88 18.77205183245989
69 93 39.83660087191316
69 109 114.39905885356757
69 122 124.4119592528361
69 123 5.539495408611235
69 132 36.09343626274766
69 160 138.5225137454096
70 72 6.224780922919964
70 74 56.237171838051474
70 83 15.752477396695259
70 102 16.134938460592775
70 118 38.53190472613156
70 122 114.23750383022414
71 79 114.15709942137767
71 83 64.67667129541906
71 90 9.78675841523611
71 95 4.187182342526105
71 160 47.86821066992108
72 84 123.34932536385094
72 93 12.61392430537322
72 112 19.19772350321878
72 114 0.4082074628560968
72 115 69.97828125367744
72 116 310.91352054468763
72 123 50.92825628693763
72 128 24.01798811145171
72 135 5.891119539978773
72 141 13.770716395838111
72 145 137.9475270141549
72 147 47.41808718632493
73 84 91.01060189632945
73 106 307.66096312611586
73 133 45.265483866304805
74 81 2.6723516121207935
74 87 50.65421097775825
74 89 12.315660779031944
74 90 20.462196583949996
74 92 60.887370512870596
74 94 46.460467667445606
74 97 22.827375941912088
74 98 40.15087865022009
74 99 9.305456953897409
74 101 177.37369424940982
74 120 224.17981678043853
74 133 153.1884070721247
74 135 19.098123887028507
74 149 53.72349786337032
75 111 447.4031444742199
75 121 307.5798345849405
75 123 204.2725581238755
75 124 31.255028471422776
75 128 1.1068380761262457
75 133 395.0129455310158
75 141 25.324069881205016
76 88 20.53645076812541
76 103 115.98902836233603
76 113 161.63110425977084
76 131 170.53364573465004
76 145 193.7098628736594
77 88 94.22177782702
77 89 56.445330066553026
77 91 58.47578525466234
77 93 31.592443308739504
77 95 286.943082534134
77 103 84.37554757425666
77 119 18.409597858787475
77 124 18.30058675005949
77 151 3.2002289364997267
78 93 58.9859841387513
78 111 34.79064477513202
78 116 4.0585269550296665
78 136 161.01180052591187
78 151 0.18085288283257914
78 153 27.414703626294102
78 159 6.537504752157908
79 80 129.86894494678683
79 83 399.35036950093956
79 93 95.62332207411342
79 134 83.28618527768297
79 151 150.3449458177256
79 157 79.84790008137014
80 81 98.70789108377997
80 91 18.741631219548182
80 128 3.01656359132376
80 137 30.477996270327434
80 139 93.42062661536737
80 148 154.01164386053588
80 149 377.7958199590594
80 150 14.604702446122236
80 159 10.001429601070749
81 86 180.5103524666062
81 95 90.761306837427
81 105 28.782455826059387
81 127 91.5762029979511
81 154 27.31165025702922
82 83 0.28182012889181546
82 87 25.175648253226914
82 89 258.92815141474983
82 92 96.13596668652485
82 93 125.93786293865857
82 112 7.882349505045687
82 133 115.75351689448564
82 154 23.295913868201612
83 84 83.77242508739747
83 89 1.1020700707357918
83 100 16.411080351056587
83 124 27.04633359203508
83 131 100.87388616108629
83 133 29.972867741280297
83 146 104.64798766341922
83 153 96.45811771410996
83 160 3.7908421270214254
84 89 67.63313109127968
84 114 34.24864729535226
84 118 561.8467775517676
84 119 119.64864282826564
84 121 58.2052925596474
84 125 106.01940094232695
84 131 61.8553946324618
84 132 7.83296468885769
84 151 6.288983613895052
85 131 7.778980970416723
85 134 8.119562125271962
85 143 78.9992264475572
85 151 56.85794222038544
86 87 0.9299779428459791
86 97 28.998570553129966
86 105 147.00552079991058
86 127 1.7546760597880475
86 132 177.76363969876067
86 137 18.788761572719423
86 149 66.8623047819551
87 88 23.99440965083062
87 95 53.37046225175801
87 100 137.95798702612413
87 105 46.22385610735508
87 110 121.27919368991404
87 126 9.79666973893666
87 145 189.77420862611908
87 146 143.64225010738582
87 149 5.184834209603222
87 157 10.075728067232722
87 161 184.67427749588552
88 91 5.592089371944378
88 92 20.328764021999685
88 117 102.06749578592938
88 141 7.188899459883629
88 145 19.379689676962393
88 147 34.04921802872157
88 161 332.5713151067136
89 90 278.526906698524
89 94 26.739694441566183
89 95 134.27034201847485
89 108 139.49297431669302
89 143 11.098030368610077
89 150 276.07778589870094
89 154 49.94425492060846
90 121 144.34873771269196
91 93 120.22997223247549
91 95 93.11837657864585
91 106 246.76482277019713
91 107 55.605036413797954
91 111 354.68340789409984
91 114 2.053333883621033
91 115 68.13907734756862
91 119 126.4688968842024
91 124 121.92054170305694
91 130 180.0851452222201
91 149 74.1697471060232
91 157 9.431440470457636
92 95 2.216084665807312
92 102 145.87536086994493
92 112 28.954162592065334
92 130 4.549376044759066
92 136 65.13940213180403
92 149 75.57610465091565
93 97 462.99032473242784
93 108 24.810317144064225
93 114 87.51117730018161
93 128 53.560148873069686
93 130 23.118288534916058
93 132 72.95456622852939
93 140 42.08937843312955
93 148 69.01939010185815
93 158 286.26508401483824
93 161 38.98041190037996
94 107 57.47562325650061
94 109 13.046389576504845
94 114 21.15793627355813
94 116 92.73026384357587
94 117 118.12505835919144
94 121 38.341609174465255
94 122 31.192080939349058
94 127 116.43631892312705
94 129 41.93568703018517
94 153 34.07067920341082
95 104 172.51143145737097
95 105 25.013564221144954
95 106 96.51973037549612
95 108 43.62305551212601
95 113 0.06642576895329852
95 115 303.0242549070926
95 122 130.55999176427173
95 123 94.91999415581537
95 124 57.49463490314579
95 135 106.96769453884662
95 140 10.57858994312322
95 147 87.0897488558446
95 155 86.13005387765509
97 106 90.74238235211811
97 117 37.70247137509739
97 130 45.48027484903295
97 145 32.941843335107684
98 116 200.77206205352837
98 118 30.50643582144757
98 121 27.111078296340445
98 150 57.201055193410276
98 157 41.55194102620816
99 107 82.98348453033175
99 111 51.74268360483372
99 115 25.174077773556487
99 119 28.86164679335395
99 127 173.57639298647956
99 136 15.96855471015404
99 150 64.99546538742375
99 154 1.4652159602783688
99 158 34.606673497825426
100 103 81.17815367708943
100 126 39.809649753432176
100 136 0.16008486555832585
100 137 119.2421526481043
100 142 66.92772125023261
100 146 54.354780190604195
100 158 20.316936267415265
100 160 80.18113979845802
101 136 217.81968538063893
101 144 72.4142509570422
101 147 123.88827954150676
101 159 3.568647010898367
102 126 36.39015467681811
102 135 169.4958449554235
102 157 99.97770804146235
103 105 89.8290192333546
103 107 67.2305606784397
103 121 110.40114552955342
103 125 113.05599849296851
103 148 0.7469541906254717
103 154 19.833298241109564
103 157 309.45713851710826
104 116 60.13633430681843
104 133 16.096464028838287
104 134 12.361591810114712
104 137 286.6712523307471
104 143 39.49132761862495
104 144 37.102761427480395
104 161 320.53752354818585
105 108 79.27051530186988
105 121 114.96523816079433
105 124 137.35173170092654
105 134 180.99927087054317
105 144 38.88818324074431
105 149 270.8986207881689
105 151 106.75911435496246
105 152 68.80052776291996
106 131 112.24255754777565
106 143 70.80177504069782
107 142 83.48008798524886
108 119 20.067062331858367
108 121 181.1642903707466
108 137 33.14052785154887
108 158 72.41707655657733
109 123 40.13242891855735
109 137 67.47042563630842
109 138 73.42455245050348
110 122 108.88800667405201
110 135 36.41858909567741
110 142 17.306879503396477
110 149 6.52217726378241
110 154 9.727731749194797
110 159 4.807352051465441
111 122 38.53270312331939
111 123 1.7922208496650365
111 128 26.49699308044846
111 138 119.54005426269927
111 143 33.29022037699959
111 144 36.57857465808826
111 149 85.0251253453376
111 155 695.8418597705365
112 113 61.87879759764812
112 128 112.30818140597985
112 139 38.82699088196909
112 159 17.410246183238527
113 134 137.60539811401284
113 149 27.182843974041912
114 118 73.53006905189217
114 124 77.2252018868743
114 125 162.6585914298873
114 127 9.881439562140862
114 134 343.21071476525816
114 140 530.4272088815358
114 144 1.0926840619660474
114 147 24.384730867656675
114 153 122.345771610484
115 145 65.74632611295587
115 153 104.91363771714457
116 122 28.06627171886202
116 131 63.81301764938347
116 143 158.17216030073857
116 153 7.626535420560969
117 121 22.497843311112536
117 125 32.66995045115774
117 126 132.91260971338875
117 130 91.48164246862778
117 131 67.50236427814833
117 144 105.46201495355572
117 148 33.67385492636295
117 149 163.68007033962024
117 156 51.55695083822684
117 157 158.5061655147585
118 119 69.39016633459386
118 135 57.62215220297013
118 156 1.5626435478852014
118 160 285.9506074584822
119 134 62.60836038646228
119 139 95.2229053563562
119 156 100.5602110694791
120 124 233.96296007889546
120 149 39.31199326554959
120 152 15.718295576687732
120 153 7.273491414059001
121 144 78.71978148069076
122 125 61.90349383363696
122 130 86.97469232633077
122 131 108.35565789789756
122 134 136.1751324880361
122 136 11.583202353449597
122 137 99.59646381962752
122 144 0.45307693281294525
122 146 163.5704054700596
122 151 90.31350587835712
122 156 124.48983972602029
123 127 88.0991668517508
123 128 8.755092757323691
123 137 37.09029160149702
123 143 19.082780209176068
123 145 57.943622599156825
123 156 50.27274365439276
123 159 112.67195251737513
124 141 19.31676392080338
124 142 250.8329223065692
124 150 20.22195040403509
124 151 116.38744529750382
124 157 217.77917351363405
125 140 85.03410336149732
125 141 34.2839894582308
125 144 16.31505521255959
125 155 101.09395191510221
126 130 105.63371836488905
126 141 20.84772497114887
126 142 133.62425165416204
126 157 28.59828230963386
126 158 332.0846246162044
127 132 56.24397595547454
127 148 46.581368485745365
128 149 41.506318077198266
129 150 63.980628829098386
129 160 23.679618384794644
130 144 13.497888033383942
130 155 26.972919160301938
130 157 296.5632883203515
131 136 40.98997344100642
131 144 18.045993118725004
131 155 57.7180678501593
132 137 112.0506893568337
132 139 298.45068570361946
132 145 78.84878411543868
132 149 58.53602368706998
133 155 223.88902371714312
134 160 71.83745716085654
135 140 0.04667132110266066
135 146 14.95344955654157
135 148 20.856391187315833
136 137 51.22113563474965
136 146 10.510285197296746
136 159 26.687387930199847
137 139 103.75916954259193
137 149 121.28243293113067
137 157 381.4979721099193
138 141 148.33299298052484
138 152 9.679482657397612
138 157 7.825484747709422
140 147 42.216316699096076
140 153 12.71683233186085
141 146 13.510575942716445
141 149 0.05806060236160521
141 157 78.93898398347457
141 158 125.34402477859713
142 145 121.61213868638971
145 149 98.45353898928512
145 155 122.68859728251685
146 151 24.73912522187175
147 150 1.2420392683036146
147 154 24.542346579250932
147 157 393.3478684925929
148 152 22.20450175141649
148 155 27.497953519563474
148 157 348.0854629904644
148 159 176.18766458278313
149 151 154.63634646304646
153 154 19.012320831848164
154 157 95.1350587996641
156 161 44.118568816193026
157 160 36.12693016416029
159 160 64.5380325213919
