0 10 58.067644623260385
0 13 107.76426581344063
0 48 0.5197079730454901
0 54 24.25141812413233
0 62 36.07298562713075
0 64 126.12649295565511
0 65 105.80206436809664
0 71 18.072950297361327
0 92 9.851475758581348
0 93 30.092117751075005
0 100 102.12794730461954
0 104 31.1001312809895
0 113 16.5760128124313
0 116 71.25384456345908
0 117 17.26677035512753
0 118 452.74105881383366
0 120 14.161474045117213
0 145 41.80026699350534
0 148 21.68550312634492
0 150 107.82418010789293
0 154 51.244644237974185
1 20 45.24655270071939
1 21 34.283143094483755
1 34 14.446711638081972
1 56 6.461474459869405
1 62 28.98735928747304
1 73 57.2672057112632
1 83 17.46259384132101
1 87 46.34936694310911
1 88 27.92852673245038
1 90 54.24495618977507
1 92 45.48415374594606
1 111 14.780638971939851
1 122 31.511779057428505
1 124 49.52875085767553
1 125 38.76935796936777
1 135 18.360366798924016
1 136 77.16615530608323
1 145 90.52752954409095
1 155 167.91844380149166
2 7 48.132743140840425
2 13 12.257603435751202
2 22 407.76661253935754
2 46 19.712319591142048
2 62 65.47827882562856
2 72 63.591313535254876
2 83 13.73261191968565
2 88 29.3516085378255
2 102 26.86605226176796
2 109 8.015392131247475
2 119 108.72980366645993
2 128 102.54210849827875
2 136 118.61684173655667
3 7 7.3521361703216845
3 13 17.70136697185823
3 21 43.385001038814366
3 34 74.44590710606056
3 47 93.54420156766376
3 51 29.230250504046563
3 61 45.53530728449313
3 67 82.84759431924346
3 70 67.29251575905022
3 72 98.61725364357227
3 76 16.16410043230522
3 83 113.69112074546749
3 95 44.99680885818631
3 101 8.908836333555007
3 109 332.97891628780326
3 119 46.86122270770105
3 121 5.968043412392958
3 130 7.540190641770576
4 9 91.06980453522624
4 10 60.25761137322411
4 15 50.44613551637497
4 31 178.56288591565016
4 32 47.23185708865591
4 39 37.71218763593169
4 42 144.61760836306502
4 123 41.29289240121784
4 131 137.4321031404892
4 140 37.03937440353757
5 12 63.54174568379698
5 18 170.43322288672326
5 30 77.91439755128667
5 44 156.98475169325144
5 45 119.5174654648642
5 49 295.11396176593803
5 61 21.005594886658383
5 67 93.19976662317738
5 82 189.31128649120606
5 83 6.15094470086524
5 95 4.205750776548604
5 122 64.99884792311803
5 126 25.761611110413394
5 132 7.668683560828961
5 137 9.689735522171983
5 149 169.60078060927017
5 152 31.9359146967454
5 156 2.125393778984343
6 7 46.725127818512796
6 14 16.309046476181056
6 18 40.473014609258584
6 51 176.44982802311787
6 54 100.49793781469172
6 55 155.63015829278248
6 59 40.94303826650108
6 66 71.95672315740069
6 69 66.11574317121554
6 74 14.98932328596969
6 75 57.40746369663395
6 80 56.12254305430804
6 102 69.80681650159846
6 104 59.948205728141176
6 111 111.39023429118788
6 114 23.637705158862516
6 123 192.45262895272575
6 128 34.71919448585965
6 144 95.80301670016713
7 8 271.38402990413533
7 26 46.76082103570772
7 38 42.63690078352742
7 52 21.068214153517392
7 54 44.383135254255095
7 55 67.80528807349313
7 56 69.06790283724432
7 57 211.20230361017673
7 59 63.36988624736187
7 74 37.61051847228144
7 82 116.30205858808341
7 83 162.73170587557067
7 89 5.664571063354521
7 92 46.481588506831486
7 97 240.4416250241496
7 103 0.07888214807862588
7 128 88.01516128970498
7 148 109.0454743161653
7 149 17.214864318158288
7 151 42.66878903192182
7 154 23.089346939880272
7 155 218.2149387137612
8 12 149.957470764679
8 14 13.492020443154647
8 30 111.12746988405483
8 52 9.68977358412015
8 63 11.606322505074852
8 80 217.69780213697157
8 81 7.747955456414558
8 106 50.50284029565694
8 122 167.3710060042878
8 141 300.65416526911395
8 142 104.5021021285795
8 145 61.65036399565279
8 147 108.85179975479448
8 161 19.099541805593205
9 16 15.934329293878557
9 21 2.4516961946712503
9 44 53.60670903265394
9 55 35.01078770219603
9 60 58.821616078627855
9 63 87.9724411750125
9 72 31.823407932271923
9 74 32.17152198876555
9 78 141.50030283764306
9 83 115.74034470511921
9 85 59.317145427684935
9 86 72.61101404063412
9 96 42.64107151934698
9 101 39.72660806155205
9 102 91.42647001614694
9 126 40.855700407947616
9 127 273.53019003458564
9 136 1.2536601659187443
9 147 40.512416118197045
10 18 49.1845520319767
10 25 37.22292572622755
10 27 183.18866111090696
10 33 24.48580477902393
10 38 55.4419677689044
10 41 201.5783443397265
10 50 30.814968907640065
10 68 43.609191395353996
10 69 113.42808578340501
10 78 34.366372212579826
10 81 99.77151948775874
10 104 8.464884870497174
10 106 42.44477690778778
10 107 184.82517211091888
10 119 142.5123144071556
10 122 10.111097753510908
10 128 75.41479554963637
10 136 131.04753055480643
10 147 196.01652650478496
10 149 68.3582329966493
10 155 9.44470069469051
10 157 53.49390380948446
11 12 142.9082284030232
11 16 37.49649180952529
11 20 45.35927058677363
11 22 261.0388644221404
11 29 236.42143854803533
11 33 157.31196660262202
11 51 26.954828541022962
11 52 116.66134418610137
11 58 44.836648647234746
11 63 48.45462029515953
11 73 105.78407697299178
11 81 87.12941395717888
11 88 56.442378230087314
11 123 191.80782811629888
11 126 62.076716822351734
11 132 19.804158505417725
11 141 424.4967011151264
11 145 38.844208627886054
11 153 26.87155653036758
11 158 147.81169380366504
12 18 123.89030013071773
12 27 26.90555436257411
12 30 82.57218328234305
12 41 104.34741897838423
12 51 61.23518530654498
12 54 53.90419625794472
12 56 217.82169597613185
12 58 151.45381866566362
12 63 33.89821686265553
12 68 47.46765016399406
12 69 92.84477772322975
12 72 39.219846897873964
12 75 48.214660406708326
12 76 182.7959205518193
12 87 221.7089458950041
12 123 4.956682552052802
12 131 24.233852066545147
12 136 107.2697238326181
12 140 319.07672845537104
12 141 11.996566638106467
12 146 2.1422617624059357
12 151 66.38926944220748
13 24 20.845875029959476
13 30 114.7830490852371
13 48 0.13831216034624322
13 58 48.15278935185706
13 76 54.33855727030208
13 78 6.481018642549345
13 84 19.974634837844363
13 87 24.15444853549777
13 88 64.25573627016641
13 91 104.34782479886015
13 93 79.40971468146805
13 109 5.365155381485723
13 111 173.24572300269162
13 112 45.889966632769806
13 119 28.073068754559262
13 138 1.4484605031344564
13 148 26.486271730945575
13 151 61.658334622012894
13 152 89.38437873113337
13 161 218.05290072351863
14 23 83.52711193067857
14 28 29.18139973626233
14 33 7.682912683896365
14 34 62.092030758810495
14 43 372.2790331658862
14 60 7.987544085873025
14 63 32.27815378945935
14 73 113.77994764145366
14 79 65.75597486716364
14 80 293.77678719148304
14 84 19.11234659477574
14 86 118.72857044261109
14 87 64.40867208912417
14 93 35.55191712174436
14 104 223.15412774870748
14 115 5.054646449456661
14 121 78.2981100281484
14 136 211.11079956555142
14 141 49.18477750378103
14 149 4.350478690201565
15 21 33.43724895313255
15 23 257.72050838684964
15 24 113.37986767488378
15 27 35.603882073808585
15 37 10.48784727644945
15 44 67.01293481459815
15 46 25.0098424741636
15 49 164.75419015637516
15 65 76.02528197215881
15 66 115.24187662783709
15 68 103.79720005426651
15 70 5.1020232464967386
15 71 122.27685432460466
15 85 38.884713680225694
15 91 8.297883290043186
15 123 254.21074241960633
15 126 49.105373740157205
15 141 98.97637229115806
15 153 27.194746338196996
16 30 178.73110502340404
16 57 31.14053732998994
16 81 1.5866390280631248
16 86 38.419255526154494
16 95 68.03393916869003
16 100 45.40316699035542
16 115 6.1651023039015
16 144 206.23903411955573
17 73 20.3327785024557
17 74 16.05315339127052
17 92 21.00116300085055
17 105 116.32355844863737
17 142 19.456084630299095
17 160 36.1277550370022
18 22 149.61959321120415
18 25 3.9403988997557535
18 29 48.26825755627033
18 35 53.20339046351036
18 38 20.408733132442034
18 45 84.15999952555312
18 52 7.042500223291202
18 60 56.84479942834311
18 74 29.764378568014777
18 80 113.50632475414163
18 96 9.397631441711516
18 104 4.044127422771539
18 118 142.17105747023834
18 122 31.327349631374457
18 126 24.413553714048977
18 132 69.38624984361579
18 135 244.93978862730006
19 25 8.747877311563391
19 36 19.23601961467867
19 43 58.39260481998058
19 46 92.10627299907354
19 49 16.957445883458963
19 55 26.431218079041287
19 66 43.571820156521035
19 68 130.5878969274445
19 72 35.893749223383736
19 87 39.60590457386738
19 97 676.2377692164881
19 99 98.46147020339738
19 101 40.71609686084172
19 106 29.772226397382312
19 115 25.137716917262154
19 122 71.76186343100814
19 144 25.960794952511133
19 161 118.76574283820987
20 33 213.06214340609773
20 40 57.75619196959676
20 49 43.02563491577078
20 51 119.38544233938777
20 64 129.1722190929554
20 65 16.85410843293545
20 74 18.76158405958185
20 75 152.5708327792453
20 83 47.66750829728595
20 94 0.23109608612869617
20 120 46.79123024506035
20 123 39.85181607536612
20 124 60.64093973716541
20 125 224.41056117784683
20 130 21.00557663926332
20 138 22.85530386532155
20 149 126.41602491341754
20 151 94.85578419206675
20 157 276.3313035479959
21 24 61.857623036214264
21 33 90.46770412902086
21 52 45.39710973052983
21 86 47.73914872921586
21 95 32.01058898234629
21 97 3.4203258348226524
21 103 86.25622888368365
21 106 87.42310431999313
21 117 53.753538081086276
21 118 7.694677718368074
21 120 69.57862576129992
21 143 48.07577751159022
21 151 147.51166619511653
21 156 15.660269785545005
22 35 106.31476760867086
22 52 73.5364189408049
22 61 1.416523571552191
22 72 53.818301085405096
22 83 5.785845006902297
22 104 6.304890852472141
22 117 7.251306193763877
22 145 173.2925548778539
22 154 88.1700016219858
22 156 52.490607662069586
23 28 80.07823073852428
23 40 129.35884305716587
23 49 37.03147037041456
23 84 28.32592933900297
23 120 629.4325323533699
23 130 158.38624058752288
23 135 85.84180376555658
23 142 136.76355719246195
23 144 87.87102245263065
23 147 113.95506060925548
24 33 35.03313451090163
24 44 39.61586159886382
24 62 121.96377187771164
24 63 44.32132323257705
24 81 116.16591321819648
24 95 79.01222287772595
24 128 149.67147634896395
25 34 197.20190959420538
25 37 68.8451750860852
25 54 60.12580996820236
25 61 11.678248100674029
25 68 236.53732336953044
25 70 8.700027682067308
25 77 3.214268181187573
25 91 31.757575425713913
25 106 10.165567632926756
25 108 311.86795660968824
25 112 180.50096390136872
25 125 49.353424130519215
25 139 25.316863568387138
26 31 174.56409413634853
26 61 1.2645726936801027
26 104 109.14285913138143
26 127 297.18845659453933
26 131 31.458481641271835
26 144 186.279866040359
27 33 4.669292820303107
27 53 0.5431363829043357
27 67 250.1663574380849
27 71 26.118532111059466
27 72 18.568696577209586
27 78 160.70603415279257
27 87 34.13116466809635
27 93 58.06766683845884
27 95 126.12572016498014
27 110 86.37606196016205
27 119 37.300920997327225
27 121 70.95329379821432
27 131 106.00841348531048
27 136 5.550369882326951
27 141 210.69456211739393
27 142 16.4836109757353
27 145 84.46824328251093
27 146 91.41973068681874
27 149 60.018500712056436
27 154 26.04384263180891
28 49 25.1707886854046
28 66 8.568235141584658
28 100 9.949635867529212
28 118 70.67904561303958
28 129 74.09694494991562
28 132 4.644750281839036
28 156 40.642832105906216
29 30 17.72342519704782
29 42 52.58801282726596
29 47 9.009874506238043
29 64 279.87336190611586
29 73 83.69108787087187
29 81 126.15702268654034
29 83 195.73870173023855
29 88 84.2240853018422
29 103 232.47302328188846
29 111 100.8041022101737
29 118 4.456727752859304
29 123 118.81459436826566
29 134 122.082202211297
29 146 43.24011289244832
29 151 82.15644543796991
29 160 88.18298505203612
30 41 20.900249622595258
30 46 9.220293745060001
30 61 25.701798996840502
30 66 3.3266260472580025
30 67 70.49945376506119
30 69 32.367503532729124
30 82 3.4445506814655245
30 91 200.9088835420878
30 93 25.72484533268906
30 108 35.85917869813361
30 110 25.9692830463776
30 111 365.8926907773758
30 145 153.4294486264887
30 157 53.69101281900863
30 161 32.43231446120104
31 43 50.00099747590439
31 57 15.698170259540193
31 79 43.81943763023088
31 97 62.970674163702434
31 112 119.72988099662177
31 120 150.45165904988565
31 130 96.74143137671183
31 137 38.41454941729941
31 144 17.268885928788237
32 43 8.023453542944683
32 68 17.243282951867318
32 91 38.945640618630335
32 107 34.91512001810365
32 131 37.47698664027868
32 134 27.871136045117424
33 60 0.13085878378824362
33 83 144.44710607107294
33 112 1.4559546757365582
33 131 68.65032196777906
33 133 44.591706467708
33 139 0.11019130957603793
33 140 40.30589704380719
33 141 172.99236021334363
34 37 120.65208673577288
34 45 15.424013677544192
34 46 2.2125949578854276
34 49 23.131733851117552
34 60 30.34418796475878
34 65 129.6329765603934
34 88 249.71731287766124
34 115 36.528444677665966
34 120 104.19881979318616
34 130 150.04693118519683
34 134 234.8127218497068
34 142 157.9534918528333
34 150 3.1716589680224225
34 153 12.439716519706916
34 154 110.2681885283765
35 44 62.897409207162696
35 49 72.55911320661363
35 56 22.045180180676795
35 57 18.033506600856185
35 63 318.5984088683196
35 76 264.0672491161885
35 78 27.592373252538124
35 79 315.9927953719011
35 85 52.01350819160378
35 93 8.32657989305193
35 110 38.66340100135947
35 116 70.13388489895449
35 128 170.42256533527572
35 134 5.537010542250682
35 151 59.33253443020063
35 156 66.63022246453966
35 157 47.45400585983082
35 158 42.19887793060129
35 159 90.51829195694208
36 42 182.98536819615924
36 65 102.05423442623758
36 68 42.50662918749189
36 74 203.2447767758777
36 91 70.90648282739338
36 104 78.52713703654642
36 149 56.47284236007517
36 155 10.492951065024602
37 43 285.8208687638477
37 70 220.89392774873792
37 80 79.11216014872996
37 91 9.29995170081165
37 101 0.10418428693392998
37 113 234.71386810764886
37 120 28.618645210709577
37 125 76.0466149793286
37 129 30.099452224333646
37 149 548.0568967494605
37 157 25.55286586160034
37 158 63.98145246236959
38 66 17.650837995225157
38 78 25.501252685059534
38 84 199.90041137585922
38 89 59.196304011161544
38 117 58.3821711316751
38 126 137.68161104963733
38 142 20.57595167930485
39 40 116.19031676278418
39 45 33.513288891306864
39 52 58.69320484958461
39 57 34.79317283208856
39 58 49.51745198947341
39 65 4.949175501088446
39 70 52.112626738132825
39 95 127.5256510506542
39 105 33.18302384575188
39 126 8.159411891639179
39 142 7.856634630667023
39 148 10.329591805084203
39 157 79.35299622096441
39 159 63.786747490921954
40 42 42.605064329779324
40 58 23.409248793083588
40 61 22.386414158064525
40 81 173.6495878225033
40 89 121.49415654736586
40 93 39.34223845597243
40 111 20.917759354936827
40 120 12.434583813210102
40 121 187.91453252395343
40 128 123.48540943348644
40 150 50.665740172609894
41 43 18.64112952897784
41 76 4.522621991174701
41 121 11.105062748720634
41 132 68.12417662532508
41 134 197.60154461868018
41 147 136.38790612771044
41 156 59.98103931285224
42 46 153.34882951457595
42 49 57.119936715101176
42 80 41.49862815442364
42 97 137.32876085154462
42 108 6.2769223652626795
42 113 6.328971920258975
42 130 10.121951950722904
42 145 69.65593884050844
42 150 9.14094630617475
42 156 154.82159962466864
42 158 176.75180789197472
42 159 198.82337894365102
43 44 24.959551501049265
43 79 79.08941936821597
43 83 72.49548778344659
43 90 121.63433983891636
43 100 19.700007109056564
43 101 56.95573181756781
43 112 102.07963833939698
43 120 11.912850023519152
43 122 65.79870544052262
43 130 298.6929065750415
43 132 540.3703723274821
43 155 3.3835361813050806
44 46 200.14628741968653
44 53 170.08654185111757
44 54 109.40083775444967
44 56 6.374685877789024
44 58 82.69838311566987
44 61 158.58240103492142
44 63 127.40700345457753
44 67 6.716106716053989
44 69 21.40518418720061
44 73 15.514375426294578
44 75 61.44437492546057
44 78 45.56222589714965
44 86 484.3120499714116
44 91 17.87406929334057
44 116 101.09559235279058
44 125 60.597690901950685
44 126 67.60945472125847
44 130 17.64047988642426
44 131 41.1793012372933
44 132 15.436483231329182
44 133 39.15982246881706
44 138 19.26614906470854
44 144 29.50176584094591
44 149 145.37412069586796
44 157 48.53752235584793
45 48 71.39359689897718
45 77 5.76022543421321
45 89 41.55309734593666
45 92 35.69710526374186
45 105 29.931019378990072
45 112 20.0013733493089
45 122 66.15826868775586
45 123 12.241275457139047
45 130 16.89957077520227
45 132 27.939986978696446
45 147 82.19367545023574
45 153 10.720347159337203
46 55 298.3791882588125
46 61 25.818053292476904
46 81 4.088599665683485
46 106 15.98175248983064
46 122 9.325955776108563
46 131 10.533055100848737
46 138 28.463661875762998
47 56 41.147211336086386
47 60 107.1867190257543
47 68 18.9746336292323
47 69 76.43780340134272
47 73 45.93794855842845
47 77 60.25570423787121
47 84 119.32559631939853
47 102 28.436580722861045
47 103 25.490833417188004
47 120 26.396567567030285
47 127 238.44019336751086
47 144 10.921457107110509
47 146 60.851514460243315
48 53 12.520317532097975
48 64 116.67150512544434
48 94 51.17549664460016
48 95 23.626473772392483
48 104 4.507608983856744
48 111 111.86265044114026
48 141 61.08128768371228
48 148 59.79433634971602
48 154 6.702114776955242
48 159 337.0459429487763
49 50 66.61737268118858
49 51 119.67723088772257
49 61 54.413792740277806
49 65 10.071070137711786
49 66 1.175381452130992
49 88 101.2253370506226
49 91 10.7963660162288
49 94 111.24021726016457
49 113 170.01337967380894
49 118 16.69223614016535
49 140 7.692925453464574
49 143 141.25542584435024
49 148 6.889512955306319
49 154 49.058573669598196
49 155 73.57341801389215
50 57 26.20196406845925
50 61 11.31508828330213
50 64 62.4156204169612
50 86 62.709607040863474
50 96 511.1726062893585
50 105 31.367179799463443
50 115 67.7637542244562
50 145 21.602372669007615
50 159 162.41142080374505
51 61 30.5165779729466
51 67 247.97267540622283
51 106 22.732700874825046
51 108 152.33680029635386
51 112 99.35711696337805
51 113 28.7486001028287
51 114 52.405249070752966
51 118 76.93846007398824
51 119 14.113925768277083
51 127 20.370633953693304
51 134 21.396426503851902
51 136 110.79752369018249
51 149 21.2998068897727
51 151 0.02288310668700202
51 153 140.457870156368
51 156 33.30980814836306
51 157 5.310007408931974
52 85 21.790059464944726
52 87 81.82927360751655
52 97 28.932875767378988
52 116 56.91808596127151
52 129 59.24892788242173
52 135 2.2120565768988016
52 141 6.410817573416672
52 149 143.6423220093163
53 72 4.413718340471064
53 75 205.92410899632475
53 80 45.16312950980436
53 83 188.5021941602126
53 88 52.05250745574419
53 92 77.70703368833652
53 94 6.317449936417681
53 100 172.82192345620012
53 104 178.8154828223531
53 151 68.24656400455261
54 75 82.19116199405428
54 78 172.75799847472783
54 82 7.262700881592379
54 84 17.07744374587028
54 87 35.625579400466115
54 119 22.322442035555362
54 121 120.38321075639821
54 157 2.8223162282395027
55 56 62.44555596749141
55 58 154.54210150429608
55 65 9.35306648224038
55 67 12.331421070555745
55 80 6.75308716585379
55 88 85.82816964994504
55 92 36.03364345020182
55 98 145.38178411007354
55 104 14.297572801322822
55 123 18.052736745687827
55 132 203.20159935665131
55 134 399.4552538971845
55 140 68.4553144748061
55 146 107.83184167941371
55 151 70.85388363151759
55 154 177.59489467254545
55 159 69.31533581846217
55 160 5.87861273024261
56 66 15.275285224494409
56 68 19.58661563740216
56 81 99.3184669921633
56 100 64.36621976751205
56 107 146.0215836848073
56 119 91.44124860531852
56 121 5.588878307856847
56 124 40.399593975004365
56 133 12.02450512359044
56 157 56.07841001277595
57 100 69.30724415297175
57 105 12.32528934299191
57 106 320.7519234572056
57 136 49.9005004008592
57 141 22.006293711273106
57 153 92.25967373457418
57 159 4.528178915021158
58 77 103.41158846609669
58 85 77.73973208096675
58 87 10.834386671367168
58 98 43.041905135138514
58 125 287.5254609865385
58 132 62.6628077172425
58 134 88.81540649184633
59 88 67.1108434440114
59 118 157.26434953358876
59 149 120.99176190300112
59 152 119.32176097865465
60 109 127.23240163842799
60 111 42.4662171782706
60 127 21.886815722018213
60 135 2.0890969452727677
60 141 3.747818151763489
60 143 143.72990377016438
60 157 23.058194188822988
60 159 27.033483579161715
61 77 72.45102067150766
61 78 165.03495550922148
61 82 25.78006515713529
61 85 129.7544442180379
61 86 20.526661410672006
61 92 18.911584446176878
61 93 42.27002962033553
61 95 302.1950746499414
61 121 108.38634335751401
61 125 15.259521658604527
61 126 13.767564369606372
61 129 111.42880376728094
61 139 84.2016778911315
61 147 135.2331865818295
62 64 13.962807008566042
62 85 21.885055818934344
62 109 197.79330156018926
62 120 44.28165012874328
62 121 505.04537034716236
62 142 45.65298170239819
62 150 101.1894012879046
63 65 48.045117989092155
63 66 93.76281209306576
63 67 19.065394813338546
63 87 4.790689834180797
63 93 255.02918027421953
63 95 163.11574199479656
63 100 55.010238290062546
63 141 76.02560978859366
64 72 74.0542728361436
64 77 58.092474618085866
64 81 138.23433001261625
64 82 15.096191270321993
64 86 54.939060667996884
64 88 294.2729313131724
64 89 35.28429574515771
64 90 85.62438730571279
64 91 70.51510163989437
64 108 245.83649777475495
64 110 120.19994634196664
64 124 5.440213399553083
64 131 23.92962781195215
64 137 56.139424347459716
64 141 153.38212806420003
64 155 125.55000593461646
65 78 64.21461211979101
65 80 185.5655085872449
65 81 221.70816958086797
65 84 0.9856723251120809
65 86 116.79771661742753
65 93 111.56120976342886
65 95 113.7961482005267
65 106 26.297009362909296
65 119 91.5225965918038
65 126 83.95247114919717
65 144 25.000323722317557
65 146 195.93782390505584
65 151 65.64349318981628
65 161 6.961060788367957
66 80 58.108402668511225
66 89 58.668187515691024
66 93 26.303518982025295
66 98 32.27297314195105
66 100 54.579326392999135
66 101 64.74739660220436
66 115 77.78881896444922
66 119 1.9470718241855072
66 123 16.317770094552976
66 132 301.8436660616768
66 139 182.34109884549596
66 156 178.50359667306557
66 158 47.40076125112371
67 81 33.2845826768429
67 113 127.77275073554337
67 117 1.1560644331058036
67 124 14.63349810633294
67 135 34.81886554461134
67 141 102.19667763018764
67 152 19.359582854403055
67 153 12.703358783104276
67 155 240.6543415533736
67 161 2.371529547552472
68 77 252.80473969047648
68 85 109.365228274105
68 106 81.7268211778707
68 117 114.71532684347656
68 123 48.54801407754269
68 125 71.74343778749784
68 135 195.8975632679693
68 136 422.3898806643481
68 157 220.7127984500031
69 115 68.09846762221261
69 135 190.6307957452358
69 143 153.71523211386716
69 158 16.193455744590924
70 141 67.10526892279084
70 155 211.0078059743933
71 78 80.69149261700032
71 81 124.6067742349386
71 84 18.47047597505884
71 92 16.746040805709164
71 95 421.2048466075695
71 96 16.171211032629348
71 105 71.12381161745657
71 112 335.5263082713934
71 120 32.44150200897092
71 122 24.459233079932154
71 123 15.8574378138748
71 135 101.92378170561743
71 137 192.88364780345543
71 153 19.15483388925402
71 157 52.8449943490928
72 77 118.07925805385321
72 88 59.150689361763476
72 97 28.91825423719117
72 100 71.67133581225232
72 103 147.84358758193935
72 109 41.94988870724469
72 137 31.1015746508501
72 138 47.2459944918682
72 157 168.19387704040088
73 101 16.475272769153165
73 116 6.225951107692028
73 121 810.636507501137
73 123 266.88039126226096
73 148 189.62774088547664
73 153 171.5945782889226
74 77 230.62709021129146
74 83 7.179647317035413
74 105 102.27783481896954
74 107 82.68442882658515
74 112 20.409580875920845
74 124 5.5667899409493256
74 131 9.277871732176704
74 135 17.124740352934616
74 136 10.448913879102506
74 157 252.8500068447868
75 90 172.76895348917205
75 95 236.04984094168324
75 111 91.35383741841662
75 120 3.532091160195816
75 144 43.02685327855096
75 147 318.3290268883757
76 85 47.992694924418785
76 87 6.822489329704968
76 128 45.13414187808256
76 132 14.955521854276817
76 150 99.75452682369148
77 83 23.636045991715108
77 87 118.03339105610891
77 93 1.3147734383746366
77 107 13.107944019191056
77 108 132.58928201354232
77 114 269.46787933040343
77 117 25.530938567702307
77 131 17.382990542580096
77 146 92.16903268189806
77 148 13.446202589162375
77 152 215.4460337150357
77 153 1.225674601227888
78 79 62.835167097884934
78 80 139.59348243647497
78 105 94.30998687920903
78 121 94.03539158838775
78 122 49.07542087709909
78 131 86.81980891446236
78 132 28.521049228092203
78 134 57.54150286712802
78 141 79.27540258804916
78 148 101.5790836164667
78 152 5.864936461933418
78 153 44.56908439573507
78 154 11.752939476782096
78 157 46.7634937977393
79 80 134.7839101953058
79 91 53.72609615301855
79 104 10.980924580993541
79 117 49.52989323980367
79 124 110.23976531343985
79 130 75.86503082924766
79 150 70.48143935566982
79 154 89.11629236061842
80 83 12.132757476960798
80 86 265.83415461632734
80 93 26.97603853565325
80 115 53.41119464784121
80 119 23.30481129054986
80 122 57.377527287442945
80 123 227.6746117867709
80 125 5.658405100906473
80 144 177.20105001684036
80 155 33.302278942674356
80 160 90.09237503352139
81 83 166.13368891393424
81 84 283.82533665191704
81 90 42.534738647582415
81 98 97.90195395076034
81 101 25.97892856179601
81 102 3.369354983630542
81 104 42.19284341040443
81 123 49.19221945295102
81 126 56.58108881757028
81 132 47.080061815288865
81 144 56.7415127174522
82 94 13.28052518901793
82 95 195.24430845553474
82 112 75.55860187453213
82 120 14.100858996418133
82 134 134.3835723417244
82 149 121.69630860028077
83 84 185.0484286441434
83 90 24.029760054798064
83 91 74.18513181358902
83 96 8.495992188502866
83 98 138.13304329498578
83 100 3.952420898605513
83 106 40.352298032059046
83 107 26.506307925612376
83 110 71.98883061001484
83 117 59.75061169499256
83 123 50.67194867806236
83 126 229.249072072026
83 127 98.26609848946882
83 129 29.968908295325978
83 132 6.229297879516233
83 148 87.46300614462537
83 149 124.31585977692357
83 155 35.67558659217571
83 159 53.16599582940872
83 160 111.57945244731464
84 88 35.12932626279848
84 95 17.13184846442454
84 129 70.06460627885187
84 140 1.296606257537084
85 92 6.960489929086203
85 95 82.26186302337574
85 100 78.23787676133374
85 101 58.395476310375706
85 117 80.59888207258062
85 125 9.281331926978456
85 131 44.488884548853775
85 143 11.883233161149391
85 145 38.803214788598666
85 151 184.38860370825552
86 101 18.866921467746206
86 112 56.62534693739673
86 122 191.41062177282748
86 128 10.966022844244263
86 136 115.69729463816127
86 145 20.443836398664804
86 161 56.12084472142064
87 88 76.8687476072698
87 91 72.95218534260148
87 94 351.89161293851646
87 97 91.58301412000992
87 144 11.000557568040218
87 153 82.80821029478292
87 154 140.13466446525646
88 91 186.56446626093833
88 102 72.13111837497203
88 107 2.897743076660235
88 118 60.24850714086735
88 122 36.04353169337433
88 125 19.915492321352502
88 142 137.6047267132559
88 143 7.830522976824906
88 147 85.1440035006753
88 150 57.23253785804173
89 99 168.085335871943
89 105 43.897876135877986
89 111 230.5023823259135
89 119 26.838787603082217
89 121 86.41655228654166
89 129 102.80260166570385
89 135 37.368385695339754
89 139 171.6466295918465
89 153 42.457499931517475
90 92 67.12902273318457
90 100 47.84366109408164
90 117 188.41425808637396
90 135 1.9963675690617944
90 150 130.88478336148438
91 114 45.30338001648667
91 130 90.73604261963345
91 132 60.13385803725828
91 134 28.29779577634021
91 145 23.27673875020155
91 147 63.44740650150687
92 107 38.74287271788611
92 119 80.23921773026485
92 144 38.77644367134937
92 148 4.20620732225274
92 157 141.18552655239404
93 100 216.30493528287047
93 106 8.28822914206821
93 108 60.09756831393691
93 120 187.53211873886448
93 124 258.4344040953006
93 137 506.8576025714009
93 141 14.743658330499828
93 142 224.61582867995205
93 149 68.97729643902181
93 150 505.05654772333577
94 122 33.60802021625584
94 131 66.57912625834238
94 133 4.49143980124776
95 98 118.19315070619263
95 100 1.0200459133123725
95 114 115.01421818429799
95 123 9.371741938750745
95 126 109.01026392503276
95 138 182.08741049965414
95 155 63.707340132131336
96 116 138.297803800278
96 127 235.1239389433788
96 133 183.95672361657734
96 144 96.31708594177452
96 153 20.011492010464885
97 123 113.36452462167652
97 142 357.46076504734907
98 105 46.06113277344151
98 118 74.31548468914347
98 129 83.34211870470534
98 145 225.045000962963
98 146 13.31191336093259
98 147 106.0007077299663
98 152 10.514775666386551
98 154 39.28531560790426
99 102 32.07739052731772
99 105 265.0613589553933
99 123 50.66968044251118
99 147 180.8104111382798
99 148 70.35816019361661
99 150 313.14920518917927
99 153 47.53113572653729
100 111 241.11310809457953
100 120 19.811446766077655
100 130 34.66566690970869
100 139 100.02807292408795
100 140 75.44511079653279
100 149 105.95537375924727
101 117 2.095887794920002
101 150 171.83225840158516
101 156 65.51625083700493
102 146 71.97781344833062
103 126 136.51567836008883
103 140 172.60606683920446
103 141 123.07435169489406
103 151 91.30869874328089
103 153 24.634842048883897
103 157 74.75998947403572
104 113 59.84061446526205
104 117 41.12989052485577
104 128 36.27062916063277
104 146 168.26846548837935
104 156 8.497080107556005
105 124 22.73677192941724
105 128 188.07283784448597
105 135 43.24737347468061
105 142 56.126218316097486
105 144 34.57249547206178
106 120 5.708319265895371
106 132 31.23958956278369
107 148 4.698222755089595
107 152 87.14232578683458
107 155 102.21507429915624
107 158 8.198941552437239
108 112 156.66322768364967
108 116 96.44992996369467
108 119 13.378717604496044
108 160 107.08935543164
110 121 164.84566893164953
110 122 213.87152930982714
110 123 133.88535334464345
110 131 238.64925520576816
110 132 59.003538498558534
110 142 10.878065213468895
110 144 368.24113784089633
110 145 149.89491199143023
110 146 42.394181872030146
110 160 157.9114102925833
111 120 179.4390369810014
111 134 81.43512295895087
111 137 263.47896028259635
111 142 190.38156340319023
111 155 0.26015951501670004
112 151 21.934579838244375
112 157 76.6744133522539
113 116 63.349644988728365
113 130 6.237050017806163
113 131 40.42510792799262
113 157 204.05443671918331
114 151 12.680015203659533
114 154 16.662509637971436
115 116 30.885820471309202
115 117 98.43260410888428
115 120 36.37945423229425
115 129 39.733922402321035
115 132 17.72706920446775
115 153 43.62278957863034
115 157 51.77455571203187
116 126 226.87072360911176
116 127 156.77800017844962
116 149 197.21230523578473
116 151 52.508330138577286
117 121 47.33466089124038
117 122 185.746823711548
117 142 141.37631712955644
117 146 23.43980260889096
117 149 129.17025402867608
117 153 9.157493715027236
117 160 29.816622082429774
118 128 51.63620145247795
118 139 135.30602061739904
118 146 18.16347015557559
118 153 3.9787369044170227
119 120 184.71957985030295
119 143 17.283478796735714
119 150 11.900116232642631
119 157 22.328145035120432
120 123 74.8180885580394
120 137 76.41283966414441
120 142 13.444305213764446
120 153 0.995442566503598
121 126 20.330272148825756
121 140 78.0473116456396
121 143 18.679940930823435
122 125 81.42991497106428
122 126 13.901823395220866
122 127 42.618456694010106
122 153 113.9820165736147
122 154 15.147848306417195
122 155 177.2313236975453
123 125 120.0448511594902
123 138 9.465326269750916
123 145 202.19222531127323
123 150 41.17647543942214
123 151 62.82166481204215
123 153 65.32944296080932
123 154 55.96231243842933
123 158 117.97939188589625
124 131 112.68566185356292
124 134 30.152236358777937
124 159 162.40787904888649
125 129 108.81185322532924
125 132 123.31524321165115
125 145 311.53615007086205
125 151 113.38893929623629
126 129 1.4069486514895808
126 137 95.77453973230428
126 145 84.97861027955811
126 149 238.179062185742
127 137 62.24136655963838
127 147 135.75296815078684
127 148 11.619079015042786
127 156 341.77118760913044
128 132 71.10404849167465
128 145 120.91067136555047
128 147 41.33135545850534
129 133 19.225812897721106
129 142 74.19162379925783
129 143 25.00587130767552
129 144 332.38470279741495
129 156 26.330411914023742
130 136 77.90816547333964
130 137 82.11207848777283
130 145 1.318322260244999
130 148 15.202823632676175
130 158 44.672298227650806
131 135 25.890353605669485
131 144 36.72165059153705
131 153 25.827888917584602
132 147 50.75773868214908
132 149 7.513252528577459
132 151 252.2689746744717
132 154 29.692633850589203
132 157 72.93756108587833
133 136 224.13311192240675
133 140 28.19489105630378
133 142 183.64633059411605
133 145 187.62130270439772
134 137 385.35030385338456
134 138 36.238629971968145
134 157 84.92299160102084
135 140 35.624016370008334
135 149 1.8839337504130271
136 138 19.617291423952494
136 139 1.867353154087707
136 141 156.47225250430503
136 146 2.0904567759220156
136 148 0.07796887716875868
136 149 3.9982401477154195
136 160 19.060348619372668
137 141 31.112148653874527
137 142 1.460510784863599
137 160 79.85466000918476
138 158 133.02098586287437
140 144 285.92475123096153
140 151 125.64636197754493
141 144 42.47532193512784
141 145 26.050291553205188
141 149 12.286852413286411
141 151 4.22011690787709
141 152 81.03526188965047
141 160 5.3777728677872245
142 149 10.175041107404695
143 149 18.762324262836483
143 157 80.26764755446334
144 146 37.64998813173411
145 159 60.5328277693951
145 160 249.75453089036415
145 161 346.17839216738025
146 153 62.593731903525494
148 149 74.45575247016943
148 160 8.883077301053193
149 154 21.427002389542153
151 156 81.66569020330147
151 157 12.979090025483947
151 161 4.475446256587999
152 159 6.732388589257081
153 160 40.86465331778746
154 161 42.12338105257297
157 161 141.10641087073364
