0 1 57.7183320492828
0 13 44.17022303526961
0 29 126.08723645902543
0 48 113.85029378241887
0 49 5.109617494057891
0 52 40.13517936190277
0 53 23.01157773294876
0 55 76.21987276815042
0 68 10.777341315631226
0 77 72.44392437007372
0 79 1.1493496005932975
0 81 275.8088243400806
0 83 35.65454241423403
0 85 43.527398526318294
0 89 200.83564928255498
0 103 8.040275145843774
0 111 96.87451499719899
0 121 12.615761059587136
0 123 0.30433532936254354
0 126 56.98617882516516
0 131 0.29859828824057144
0 145 4.771066987933208
0 146 141.78893728804744
0 154 10.612310760543332
0 155 427.9103462516328
1 19 25.067446270732376
1 30 6.263805061141733
1 43 63.83816027533616
1 44 43.6379232331408
1 48 43.89100911850839
1 49 63.17142905002657
1 51 48.62714475387334
1 60 61.71812949754909
1 63 18.995617550144807
1 67 247.3028553617749
1 76 133.44103980481654
1 85 172.59694008323646
1 98 73.91075613576481
1 103 21.505891833953246
1 106 147.7217100015329
1 117 8.694506961381192
2 11 99.93966927102407
2 29 38.12132334813723
2 30 40.29638703684414
2 40 74.81203727457421
2 62 288.2975378034846
2 70 0.04128693956862586
2 89 114.63694083406776
2 95 12.043645078144303
2 99 18.310754132567457
2 144 70.97633464272579
2 146 125.93713306920158
2 149 52.75631097585162
2 151 171.1309247664576
2 153 86.53778730511503
2 155 338.4314948900932
3 8 72.91258213135983
3 10 29.421236736440775
3 12 26.475890327211008
3 30 32.70365771419866
3 47 84.57413187814775
3 57 5.89999983879748
3 71 0.5116790458347222
3 88 15.090856910698086
3 92 125.46247448103811
3 131 194.1881818016064
4 11 60.139495654135736
4 19 40.76261010439975
4 20 84.45192552037122
4 37 105.24390120226225
4 49 177.97952850686178
4 69 1.1210370601808597
4 81 31.09619003864459
4 86 54.980198572477946
4 90 153.43449692002244
4 94 12.075336623550758
4 99 57.47404684219631
4 102 133.6601952037947
4 120 15.973090296669675
4 132 49.85422056897759
4 139 253.23671726621484
4 144 207.65367342522103
4 161 32.65609305103566
5 11 248.43024566723759
5 35 70.0043696791201
5 56 26.124511170539186
5 58 7.3389208144512
5 66 57.17564621397965
5 68 49.42746093735807
5 69 88.53109320835127
5 75 10.727606687014404
5 85 36.99821725499259
5 96 87.46232540786004
5 98 75.068979000049
5 105 23.33753377533914
5 110 63.03979670080949
5 112 9.384905781389342
5 113 12.667647146609355
5 115 54.739915689010736
5 147 142.32981640262238
5 149 216.3906650211271
6 8 28.054046621339292
6 29 38.359468995812165
6 38 4.135122931629898
6 42 226.8988094696428
6 45 40.73850273085434
6 46 68.28067329590871
6 47 25.74896444101926
6 51 36.452972826504656
6 52 2.6876124235151653
6 62 12.566642049378036
6 73 32.75173264869884
6 91 32.76825701965502
6 92 201.93143927012704
6 98 89.92703735939013
6 103 46.019590390298134
6 105 5.865729969562762
6 111 36.20547697193244
6 117 21.118227406032002
6 130 11.82753154552598
6 141 140.83814462805296
6 147 188.96433510165124
6 153 62.251129829493316
6 159 63.64754182067838
7 11 96.92988495669573
7 12 163.04753995698383
7 16 226.31815762349052
7 17 76.05357094906113
7 19 229.24515469987548
7 37 10.565777173455942
7 45 76.9252673423245
7 47 205.34541871040943
7 52 15.174772564069906
7 69 44.9993203524122
7 73 132.28603166369243
7 75 109.63151601687875
7 79 275.97394853323135
7 90 63.91041182970901
7 94 61.7477093256737
7 110 267.90952228973913
7 116 18.84421914434373
7 120 43.25805354418632
7 127 8.61896049124877
7 147 520.8530541633477
7 148 8.743144047247892
7 157 0.31426275269294585
7 161 239.47008223083208
8 10 70.21722840617355
8 11 322.5175709818982
8 25 40.31525373331912
8 38 20.141252223996506
8 40 22.04317298175617
8 74 54.055016179846895
8 81 79.13296746009362
8 84 50.117286582882016
8 93 6.937727500653405
8 95 60.729510612307905
8 98 82.02217628315398
8 101 45.83165682399446
8 127 117.10425686047259
8 130 121.5517825858798
9 10 236.81244443745481
9 12 69.3440139810431
9 19 11.893010310780424
9 25 64.77534029113443
9 30 62.80780428112422
9 34 93.12064513693095
9 36 25.864764978375117
9 41 7.3601023342692145
9 57 174.45371411542502
9 58 108.04691960133333
9 68 312.51066002974187
9 90 53.3338653875842
9 97 84.54721255543375
9 98 0.2729210013356851
9 101 25.01738103063026
9 117 37.85935601207204
9 118 497.37844864629034
9 122 327.7181829662602
9 124 2.7511439231302646
9 144 101.0746962821369
9 146 75.44991175588282
9 155 62.132767563205526
9 159 43.12954622014083
9 160 120.66243524790653
10 14 82.85756989874348
10 20 7.346302328090844
10 59 133.68148087624508
10 66 13.400339675011061
10 72 74.34830365259383
10 88 37.570716563862334
10 100 124.95628521782095
10 110 29.71351451868464
10 121 175.29593507787422
10 122 51.620983042399
10 123 31.44880345479762
10 124 7.137016479262184
10 127 140.92275468523817
10 136 31.266368114120382
10 141 242.68998112379109
10 143 78.6924934608932
10 144 64.47089269967081
10 150 55.706883826712556
11 12 32.10496416282421
11 21 29.80166224240139
11 24 54.13716021863187
11 42 17.374901736266725
11 44 4.917719070445435
11 63 30.885032294639455
11 80 129.56412674900747
11 82 2.669589478777532
11 87 106.1651007481298
11 88 195.56401410919034
11 90 254.99435190370025
11 91 364.64792842534206
11 97 140.49429642310326
11 111 72.18597877970625
11 113 83.47236974486327
11 125 96.15252294786977
11 137 50.97315312995391
12 13 48.87992893312554
12 14 93.80022171432032
12 18 15.445916534721096
12 30 86.70430077262351
12 36 12.750338723345498
12 37 104.62017673400032
12 38 37.60773212580773
12 40 1.2917829151885798
12 48 106.55009468004678
12 52 139.02955229131683
12 53 16.844491259055406
12 54 208.40671360529961
12 63 28.72653663076603
12 75 65.2494728153947
12 78 9.727684461167845
12 80 2.2012296422538986
12 81 39.41368710943
12 83 61.2647592623544
12 87 11.032592563224135
12 91 589.9585724893489
12 103 32.79873065982742
12 109 121.53229576690109
12 113 15.775004884224783
12 117 224.94273950177134
12 132 19.748363306660345
12 134 55.369555980705016
12 141 47.24201389859103
12 157 14.824160081115815
13 15 139.3906543561796
13 37 353.90031766650554
13 58 51.47321371474174
13 59 99.93109300159355
13 60 100.33757233490789
13 87 41.09618750106115
13 89 50.98610415857196
13 95 109.98016166734661
13 100 45.48474757495465
13 103 264.6526602570507
13 104 63.4062085223379
13 106 24.63909373466504
13 108 34.01890138252611
13 112 42.734068664534064
13 114 66.30294360255796
13 115 334.89551862916585
13 121 50.69754479650784
13 125 62.63085861046962
13 126 58.58320414480376
13 134 51.328592592185764
13 137 31.710169557954433
13 140 64.65657339989905
13 146 225.13033220510985
13 161 60.471949855535584
14 15 8.749881423837978
14 16 80.34839255740661
14 39 97.72581662688877
14 47 19.824357867646647
14 53 57.32310650128475
14 60 21.052747023055765
14 63 116.67232267941729
14 64 108.14563524332215
14 79 23.770731098323665
14 83 21.959851999922396
14 96 31.91822536518097
14 104 40.706243404330806
14 110 235.7994706636899
14 111 36.23003432704415
14 119 89.44234655732926
14 126 128.49023495211617
14 134 74.48737613256856
14 144 33.57405755712687
14 161 76.95002316098395
15 18 22.176836968364505
15 19 121.57700891099402
15 34 35.3768033272903
15 37 150.7968723084071
15 48 5.867475313794748
15 55 64.78375798359424
15 58 55.490700798109906
15 63 80.0126438489455
15 65 138.54746727080152
15 70 43.52667896051039
15 75 91.52719853982508
15 106 73.70685224308873
15 120 342.8657105647544
15 139 90.04669335009298
15 142 79.64016520334128
15 152 10.743273282654386
15 154 4.484072366556328
16 22 18.575471461342264
16 23 8.765852868022826
16 26 13.551126860174772
16 34 71.8216821960631
16 47 21.53414432630919
16 55 2.791724832547071
16 69 6.6787157709765514
16 89 31.22404594707531
16 95 67.36173666274973
16 138 24.15868580867478
16 149 78.76543743797065
17 30 94.97877248555193
17 44 112.34626433487814
17 52 34.10410239814856
17 56 88.60965683446754
17 67 0.03509584541946197
17 69 31.801943383533715
17 108 6.953979765990363
17 120 102.71472063651963
17 135 43.255088512909154
17 152 16.878260872403153
18 26 45.52068000962801
18 35 48.02215997661473
18 37 19.749942139260227
18 40 193.2978494450653
18 50 57.6868496248076
18 56 2.1292898908285323
18 68 204.17629991450923
18 70 8.88845012042305
18 83 22.76281100021371
18 104 50.71329330448622
18 113 108.33558030292583
18 134 103.37151211632077
18 136 180.00658717649662
18 137 84.95556387485529
18 139 113.14148659102973
18 140 53.30595086401904
18 148 0.7100796848887214
19 33 12.203994183437773
19 43 1.9008496927158611
19 45 110.60226090062824
19 56 15.977750280300137
19 74 294.0837494496655
19 75 45.30547201046029
19 78 153.38910940647392
19 91 197.85787756243454
19 95 321.37457455826416
19 105 7.077147823432948
19 128 212.6191597143812
19 130 10.932277590848434
19 137 8.904868124921352
19 141 29.7843289589399
19 142 444.1579190300784
19 153 166.59983438388008
20 26 299.61607597359193
20 31 25.17027436555223
20 48 0.28472816621618924
20 49 0.6772142260285123
20 51 336.64134338111546
20 57 193.96936856213046
20 63 46.20672984102198
20 67 58.3792014555092
20 73 146.82691746020842
20 82 44.8683586036612
20 93 167.18135927211551
20 104 2.9135164150725514
20 121 169.40197190835752
20 123 16.510888466896546
20 124 200.43204016670398
20 140 177.6329108967042
20 143 26.530896370669108
20 157 35.698306317256204
21 22 44.88080912328802
21 27 131.81971898915455
21 37 116.79256064791554
21 42 11.52258851629233
21 46 85.32002360081086
21 49 17.51711094752044
21 79 223.12905193872552
21 80 81.5680623570588
21 117 124.03955253993726
21 118 54.388155975650456
21 120 19.25045789738842
21 145 5.826215894602977
21 147 30.05635266494574
21 151 72.64085831464058
21 161 34.23513883712931
22 37 15.577980029929018
22 44 88.85800316133518
22 54 49.47003893400746
22 82 87.14038958567856
22 86 3.3479085462311398
22 110 131.7975441614056
22 114 98.305931319918
22 125 0.4090459661650475
22 134 17.518198443754528
22 135 14.194807848798707
22 139 117.33326053598566
22 153 40.700984427381016
23 49 2.8334507934688387
23 81 4.2773435744923125
23 86 405.48590873859666
23 92 69.50304598763327
23 95 24.33783801458398
23 100 59.84504204412484
23 114 90.60622390389089
23 122 238.29673638279024
23 149 63.05226373961301
23 153 12.939554244961437
24 51 72.64851925059514
24 67 98.64758796268669
24 81 61.81929686077847
24 93 33.187606995729574
24 100 39.71741012147396
24 103 77.78555806186758
24 107 113.16348667775654
24 112 59.4523806336747
24 120 99.15429026392972
24 124 64.84733410626673
24 140 46.45621500534366
25 30 164.87052175678235
25 32 54.55374901970577
25 42 12.49235031014684
25 48 134.36258532314307
25 58 55.50479466342165
25 64 143.0050561163373
25 75 68.6580521473266
25 78 143.77606902059765
25 85 81.16804460590384
25 91 16.70424675641685
25 97 220.38838352098742
25 126 4.899899116845905
25 127 44.62432653590967
25 135 12.549098405740201
25 136 13.025541866836523
25 157 165.5150215619917
25 158 80.698440677018
26 33 66.15026067661974
26 45 108.18252885186925
26 46 87.3785573634194
26 50 102.4891551068518
26 57 130.85302307321115
26 76 55.86848938920993
26 95 47.66319088664172
26 103 232.3086246899181
26 105 308.24947967424913
26 108 37.579334409756335
26 110 8.431054589683757
26 123 19.89906502911939
26 142 67.50109257216661
26 144 114.48643769873543
26 156 59.98654158351753
27 39 104.79526588752627
27 43 129.57642363521956
27 44 119.43637867173429
27 51 31.987788613640753
27 54 28.419812498444927
27 64 37.976340573633365
27 67 39.63309485247464
27 71 6.433011238755514
27 72 21.4890999043519
27 85 69.80631972619364
27 93 49.9647590517619
27 99 73.24823280059508
27 101 64.40965935231378
27 120 15.25689839041064
27 121 124.69172945156707
27 123 30.330876719017212
27 129 147.87071968200104
27 130 65.21278700777968
27 132 19.7850680894423
27 141 115.74688584298677
28 41 9.396289724620033
28 44 1.072688656784423
28 62 97.19158436876532
28 77 20.83747307951826
28 87 16.512986807758644
28 99 110.08247294976984
28 131 14.647505522316745
29 31 87.8178474871577
29 34 9.407304923920536
29 37 49.1310850963982
29 43 179.2669635374605
29 44 77.02939350267997
29 68 1.344635634000975
29 95 85.45793822176238
29 125 89.32656113801252
29 131 26.937906936423527
29 132 83.31681550537613
29 148 44.387690388122124
29 149 121.93706154877806
29 152 231.31867479989006
30 39 13.398405884859306
30 40 185.92600707057326
30 44 62.60136814892049
30 48 130.72970147479472
30 51 153.96095799227194
30 73 75.35686834075236
30 85 126.89371184234275
30 91 141.90283647566503
30 98 45.200853043897695
30 112 17.600014634462262
30 124 9.476250987716275
30 138 114.55154975257615
30 142 168.0843596610039
30 144 130.87371737470386
30 157 74.05875593183019
31 34 134.23932495406873
31 39 30.860778072233053
31 56 6.1187908406284075
31 74 232.8038705656632
31 97 14.984023245084453
31 120 24.117844820440094
31 125 56.849146931602654
31 132 155.53791881369742
31 149 37.94658464636043
31 154 5.674676733169703
31 157 95.26899813005541
32 44 96.77678150810836
32 48 50.10832739387795
32 54 193.8570568091786
32 65 44.96969439415027
32 82 33.84801224735838
32 85 117.00555266590219
32 89 23.2296403615239
32 93 27.85781736056639
32 111 28.417917402056684
32 144 91.27657304332494
33 34 32.754634770151604
33 37 165.42249891412035
33 45 44.3486492289614
33 83 6.750028456594433
33 89 23.07211190680259
33 91 60.3462038186974
33 100 224.06633326554385
33 115 54.33005872661321
33 118 55.18522937012604
33 126 102.57835957777279
33 131 175.02883248237336
33 155 36.7548626847271
34 37 85.23854229256203
34 40 1.328387280272564
34 44 43.96295308759717
34 55 34.71744759377547
34 75 143.36089609769448
34 84 98.95557766850271
34 93 31.015169231687462
34 105 7.376960602114398
34 112 4.660580545184721
34 125 20.82721851125955
34 128 110.71819279521733
34 143 60.122954615676754
34 155 99.7926292418718
35 36 80.63572513316883
35 41 7.801586761994373
35 46 52.60960490944471
35 47 3.2677823168742393
35 48 144.60315314937046
35 58 20.855381785475462
35 66 4.71610298745759
35 104 14.813824673591915
35 116 146.95332190037985
35 123 230.25345241731316
35 126 81.97781034280598
35 128 99.25342731429161
35 133 37.887792529911216
35 143 0.9853836220691304
36 64 250.57676416883157
36 79 6.024375563256461
36 98 30.43600560893282
36 100 221.6025447828001
36 134 77.00004877424361
37 39 255.66619539914137
37 40 3.889846227082318
37 69 3.683601992045135
37 116 158.59946575231288
37 117 169.35705239784826
37 128 105.39301489313922
37 150 10.168458444138793
37 154 162.50451069192988
38 43 26.964242139408103
38 50 78.61494415072033
38 111 9.571774213525877
38 112 63.8894700571911
38 129 172.77141543681694
38 145 71.03650346706374
38 151 163.94112888028747
39 41 31.389218299045815
39 43 161.9529286706243
39 44 57.76167711903403
39 50 112.58300417561958
39 61 26.793448429212543
39 66 61.68323031230453
39 67 51.2728879149156
39 69 4.464701314966527
39 71 158.32216583472297
39 90 18.78732015399754
39 114 22.306006041611557
39 134 140.6532080884382
39 135 58.20102958692243
39 146 75.34853083027416
40 41 48.705556738223756
40 52 56.015922173194085
40 65 3.4006133675103962
40 75 66.75806528684731
40 97 12.824267561404442
40 135 50.89345271659645
40 143 25.673604819192978
40 146 222.59775231443254
41 57 29.90601430793741
41 76 28.38183285540717
41 77 0.9156836074890174
41 84 347.70958682359503
41 88 29.40923819192611
41 103 7.394389948766273
41 152 106.01907827971223
42 44 43.00722987892111
42 45 82.28452561294954
42 47 193.89470350520676
42 50 85.13272768512334
42 51 6.3262498148110495
42 60 42.48594336735831
42 61 67.77422623615767
42 71 10.581427689631393
42 100 31.71474721934918
42 113 9.567679929180152
42 114 158.7108121170354
42 128 2.224493818718453
42 135 49.94873134898916
42 136 43.24729768158342
42 149 196.31309683003067
43 44 101.46180176853959
43 45 120.93153670864594
43 56 43.90522675404232
43 57 160.24189153907776
43 74 99.80702429819203
43 87 5.16814911736693
43 97 3.2211031129564174
43 107 42.239681768073055
43 110 109.8979951108619
43 121 241.00353596446547
43 127 83.08117184243052
43 133 250.11175773404912
43 146 97.31067922182751
43 147 25.480955115797386
43 154 4.4444867319359584
43 160 114.13116669830588
44 47 9.82962553259176
44 53 27.316288812507015
44 66 130.73296535850392
44 79 81.96051950034473
44 89 227.46081001724122
44 90 34.89487450331743
44 91 5.68562060571605
44 92 16.080612904900104
44 99 98.78449923647558
44 108 26.490928523737512
44 129 0.7519107942041432
44 132 33.223430437757045
44 133 119.97504452467031
44 134 139.0722001684355
44 139 20.946249217724983
44 142 54.21802540162711
44 145 60.089185130009696
44 146 55.35794169220837
44 153 131.60469538208173
44 154 70.41142424215073
45 49 59.337448279726026
45 55 23.13990891523562
45 66 90.9085439529656
45 78 51.75329476520076
45 79 21.952184439885475
45 88 59.26158020184239
45 89 1.400617080925773
45 90 34.884436795292835
45 98 9.527313677194371
45 101 23.857196048573016
45 102 139.83595830845633
45 118 39.062402991144545
45 125 207.23970277159196
45 143 10.71874755816
46 55 215.20312927966424
46 59 43.27259992475695
46 65 48.151201265676875
46 68 10.834930027498286
46 83 23.596100545008927
46 87 3.1382316601240743
46 117 172.5209423123267
46 120 54.01575581608267
46 141 7.273691756732673
46 144 116.4167434363092
46 153 31.92449771088645
46 156 39.87875573198704
47 55 21.88541904561686
47 68 133.5867795748028
47 74 28.88955838348127
47 83 69.44582886638526
47 92 4.922820493671753
47 98 47.97192844618276
47 119 25.61421516382863
47 122 37.84652637424009
48 83 23.665817079333447
48 89 81.56880874721676
48 94 16.260126184416304
48 140 58.290346791816404
48 159 70.27247835469026
49 60 19.347850533030986
49 83 10.244628424678567
49 99 51.13336725717274
49 107 6.566108716364927
49 120 43.14792741314586
49 143 47.59159053540598
49 147 42.930052975236855
49 150 18.796051211722656
49 155 50.79275298835217
50 70 29.97226248101319
50 71 169.04910717513363
50 79 141.22766975172715
50 85 83.15335149857859
50 89 149.00410372784225
50 98 178.34434419789315
50 104 130.20246000888193
50 118 61.84671096335863
50 126 75.03968686901838
50 131 132.80134610192812
50 138 57.51869236095125
50 148 91.77561852339822
51 63 366.8902213194772
51 78 58.072057034066944
51 91 74.27884865229196
51 93 36.89061221950572
51 95 70.39471062592865
51 108 119.93774301436297
51 112 12.529581712254117
51 113 62.776780559922514
51 117 228.3887614283841
51 119 62.36651245807586
51 127 147.6897381057167
51 129 66.94338558659629
51 135 59.859046804801885
51 141 168.89130152377916
51 148 331.79753319021376
51 149 145.50625010294863
52 63 28.95496850757219
52 87 19.548639661992198
52 103 25.4035260012329
52 108 7.83619987248027
52 121 124.86847472322707
52 131 159.33953076191685
52 133 60.99966337997275
52 142 93.50200316184758
52 145 46.61261508128684
53 57 19.577580361106797
53 62 11.562201658122934
53 74 7.058972525747215
53 85 52.0210987666501
53 93 24.28477495390129
53 95 173.22372636689184
53 112 8.204703849184323
53 127 52.565532022583895
54 77 47.78242725498496
54 86 74.73005639843925
54 104 64.92273342123642
54 111 68.4681695926885
54 113 36.66215460309893
54 126 104.52449456486018
54 129 51.04272920369927
54 130 43.074727895311966
54 136 45.873627533480764
54 158 47.150147817914245
55 67 64.82437888327557
55 72 113.77027287960006
55 78 46.18753200401075
55 91 157.77631404275905
55 92 24.070022057089613
55 101 168.4261823868172
55 109 90.64015614434128
55 119 47.81990686639487
55 120 29.457826025372302
55 122 25.775679871752164
55 135 76.49791605941144
56 77 91.06568272958883
56 84 147.2138231221061
56 88 99.60981825148016
56 97 57.09601881127447
56 105 29.27924523016916
56 118 247.41137082453898
56 137 11.61887603200724
57 64 79.96078247522468
57 92 116.81855413130538
57 100 281.60321119407246
57 108 114.18147706180315
57 109 97.6407737522996
57 121 60.259770913100304
57 123 14.61361303711763
57 126 86.9981037306382
57 134 93.91771786096147
57 139 16.13572849484205
57 146 50.08325530025077
57 159 8.914796712658376
58 103 48.22208249248454
58 114 0.904213457858996
58 117 115.74538901530636
58 118 55.12272948481688
58 120 250.90261392911304
58 141 20.674632328564826
59 70 60.27663629044166
59 115 100.95852219602861
59 117 18.971696136498203
59 149 465.78364150039806
59 159 10.753715049214229
60 92 14.832254885949832
60 95 18.742367347848273
60 111 57.945305664105554
60 132 35.22978463797492
60 144 99.59248071318453
61 64 6.673986986107161
61 72 7.787887000890232
61 77 13.034453918539002
61 87 46.18974640029162
61 110 11.145569627330339
61 116 19.903250965991937
61 120 36.18169433467513
61 126 41.68337752887229
61 136 18.06735064409669
61 141 30.939452125685822
61 148 9.175029326422504
61 155 135.25113893553961
62 74 69.58532307948077
62 81 61.98988442694817
62 82 5.684851977275213
62 87 19.233458749848687
62 89 325.46060731425604
62 93 34.706325192754406
62 95 93.23955479217211
62 106 106.20274714889463
62 129 133.15133872663253
62 131 36.208859531483256
62 151 82.43007946051354
63 72 16.789149673079432
63 73 294.9474667793764
63 74 27.104455798510326
63 75 27.272210320523474
63 84 269.7206244946299
63 87 149.20303065646695
63 100 19.371683237616683
63 111 79.83798676146992
63 122 308.0318483747649
63 144 7.377227321197613
63 147 29.425316179895862
63 161 169.65552964843855
64 65 29.82318354665487
64 119 105.56194733038006
64 123 4.098476912392091
64 126 1.930487432408253
64 129 18.263565585227425
64 135 29.24033145603693
64 136 52.13187766032448
64 138 49.8821898259603
64 139 71.65662202550985
64 145 6.294719871963641
64 154 7.028216757638578
65 85 25.430117450408886
65 103 72.44583070949611
65 109 29.37893233764024
65 116 175.7914360829502
65 121 13.467993482638073
65 134 19.084745010891098
65 144 3.903342349733163
65 146 114.87323896260058
65 161 263.5333391917901
66 82 186.45572835529342
66 91 8.724489056218816
66 100 148.24536891137785
66 103 47.132821096203735
66 110 106.80167573630334
66 143 122.371063597496
66 147 30.57803794108686
66 149 56.06646938283444
66 154 11.09451827794658
67 82 27.43256350431332
67 84 49.34620086191305
67 85 17.960344451627485
67 105 258.9519065315713
67 112 70.95501763334492
67 120 89.54592497910502
67 123 79.53036372087196
67 127 35.33672806614857
67 132 263.499081813917
67 133 90.11437120193142
67 141 25.264946864706655
67 146 36.06981518695282
67 154 128.70343264364791
68 95 123.12310459861945
68 99 199.1256211812087
68 101 211.81846421240067
68 104 103.9176532936693
68 106 61.21227121836782
68 132 236.7369959468691
68 136 292.2104065733991
68 138 114.60546170594473
68 142 114.78020482656267
68 148 4.193165319410669
68 149 431.20609477315645
68 151 248.333155074964
68 155 155.3695075130794
68 158 13.854044877182472
68 159 143.11692069598791
69 80 227.26971723367222
69 108 100.05738385940266
69 110 34.26471601236553
69 118 53.15015793154654
69 124 21.64848580209151
69 134 264.20566290779175
69 147 136.11312379747687
69 148 211.72267678363198
69 150 75.1860698652945
69 155 0.41716089986971455
70 94 226.11770405354807
70 113 57.646599794279936
70 114 36.05057742916197
70 126 129.60526842533943
70 153 59.78615028558235
71 79 61.21374350053142
71 123 1.188770924863669
71 127 264.0876427138418
71 136 27.203852542132132
71 139 75.57447240420082
72 80 61.99091664583256
72 85 66.38585403842602
72 93 75.8084823658782
72 110 28.04287051668095
72 116 0.6867283765506523
72 124 16.04215578394684
72 128 196.10241023632292
72 129 260.20577306034204
72 130 11.40146119579648
72 147 31.03595356366869
73 78 1.8861407052922567
73 88 174.51858861361035
73 100 14.710978942627836
73 128 14.882464330280765
73 133 97.62930827696438
73 142 50.08435049987423
73 146 115.48216472813345
73 148 24.04158611044427
73 149 154.1477075154014
73 161 185.12864387548913
74 78 49.07358135452841
74 86 46.047862437777866
74 89 19.07024117153355
74 90 14.1170442957157
74 91 21.095260937247833
74 93 38.110979933101184
74 94 115.65518013736133
74 99 31.578157239083847
74 101 50.59691132302876
74 104 209.26953930088806
74 115 197.49699175012327
74 124 17.654780918446455
74 126 50.59940926202226
74 144 105.88617518471841
74 147 103.87983634795788
74 153 184.64063740240786
74 156 94.03809384200802
75 78 25.548808694557238
75 79 49.14567983672404
75 84 40.66108244396524
75 85 7.511438229203711
75 99 84.60333818260911
75 104 251.45343344350755
75 105 316.9754560811918
75 122 21.995705570939045
75 131 147.41814334807103
75 134 208.74113877811988
75 139 64.16826535868982
75 149 31.338474095557057
75 150 15.696572562432397
75 154 46.4788189311113
75 158 41.27822319769141
76 80 30.993746144659706
76 91 6.301466701834489
76 98 96.58689968093034
76 125 125.6366324904266
76 131 82.44515409557394
76 139 66.62620760543452
76 141 32.74438475039533
76 152 169.99748124259676
77 88 12.25502384947974
77 105 7.586360025442503
77 106 7.461580705288072
77 107 102.464071397489
77 113 341.79327979704675
77 133 42.56931913125482
77 139 129.70369330430523
77 144 9.222115578876453
77 161 99.615933529052
78 101 46.24218976620166
78 110 16.048806201232413
78 112 5.171492391967722
78 118 120.48240620903043
78 120 64.71952938948895
78 123 46.87281766432474
78 131 56.218927942781924
78 132 25.186813724964995
78 137 72.22080537065501
78 141 97.48700918198138
79 80 37.829175927396896
79 99 11.730169024306978
79 100 65.33483487119855
79 126 2.022764089279192
79 135 56.9191530790715
79 140 50.47102217981854
79 149 21.96740142247929
80 82 2.8302943943581655
80 93 158.1113671319038
80 94 37.19237029597446
80 96 55.50285099882474
80 97 217.51602777825534
80 98 178.8212233583558
80 106 18.46203508981585
80 118 232.36598769996004
80 126 20.364331305015146
80 132 69.44243460974397
80 134 159.40033049444077
80 141 90.39342930961607
80 146 63.97989125408679
80 147 228.45092830397763
80 148 90.07090332962461
80 153 201.3103829829898
81 98 4.397307739575996
81 99 127.3486001173546
81 104 167.3462432502357
81 107 1.7656915100029973
81 109 7.303891659747016
81 142 18.039876991299174
81 143 128.43464430096043
81 148 88.22995524355117
81 151 16.128835007754294
81 155 75.8877483083865
81 158 143.13326865417156
82 84 105.89833785737818
82 86 7.369522882903623
82 100 1.4227099964966667
82 101 35.29635704240553
82 113 43.19130646943762
82 144 7.957776481322825
82 145 73.1191526879047
82 151 2.7519220260271
82 152 203.47875933353407
82 154 21.619470425779372
82 158 26.597570118461
82 159 111.2070554602429
82 160 104.83921204477738
83 92 125.97284477783063
83 98 4.134188493797543
83 102 52.110102168295576
83 121 42.401158302264584
83 123 0.5059689490296295
83 136 22.023934030930516
83 154 163.8605495621658
84 97 62.29754974757601
84 98 60.35955330803631
84 100 10.62662316846809
84 103 137.9109357092627
84 104 25.69690708634751
84 117 0.48302105063499756
84 118 2.259892206091326
84 130 53.85339362905668
84 149 181.80461273193666
85 89 11.33667573912683
85 123 45.60517806791365
85 135 26.87544636319694
85 143 1.444044924035967
85 156 41.90952956503523
86 92 115.66860487049489
86 104 61.98597669631741
86 106 21.074607531753657
86 120 87.47879414783843
87 97 12.952376580418218
87 115 181.1068347407606
87 120 128.8297630511536
87 123 57.925829041840444
87 124 15.62286409263406
87 148 36.7641906449228
87 153 66.408650933313
87 155 20.31676612231996
88 89 66.87054215191966
88 101 223.90232775547247
88 111 124.98042691365053
88 115 36.37023294715796
88 131 39.42402041997506
88 133 43.33432388214952
88 143 100.32108918190187
88 150 60.093755781994
88 155 23.531483495104222
88 157 33.5018139456952
88 160 179.24123148311313
89 108 224.354835243607
89 109 4.786086906677682
89 123 13.904651736343679
89 139 130.55937115099826
89 147 10.16790240348581
89 151 87.75919217645986
89 152 231.8088143733293
89 153 45.665159538665144
90 100 231.82541198390453
90 116 374.49439396371366
90 145 202.8213463187285
90 149 26.64731057547078
90 159 42.58205905842074
91 104 280.6524911446944
91 109 22.392466032221026
91 123 45.020656500062316
91 125 142.0180391890797
91 129 3.7845614140059163
91 139 402.046808151695
91 142 194.00717837649873
91 148 214.993032344777
91 149 44.583275818976226
91 155 138.0134906965019
91 160 54.38484329827995
91 161 7.945587473309992
92 100 21.48234327817657
92 118 79.76381478344061
92 123 95.40098997281584
92 125 22.2197294105168
92 134 187.47673940853483
92 146 12.773096385006154
92 153 13.581808324092624
93 95 56.99601462400041
93 121 55.56517440588929
93 123 86.59782187766619
93 143 157.65889338753246
93 144 65.21499396031217
93 146 18.897392720085097
93 149 4.740454646757529
93 151 456.9383021475193
93 156 164.0839781200268
94 95 74.5144414659538
94 101 141.47676958014412
94 104 47.033333418733825
94 105 33.946605994447
94 112 6.915167033156738
94 115 181.6825489285389
94 120 4.242164409590174
94 130 15.32428712459266
94 136 87.44297105970203
94 146 46.54319468177907
94 149 110.05046948976083
94 150 19.78203589492405
95 99 69.95684366462925
95 111 78.09040854478843
95 112 18.99140175665197
95 119 6.260894680601584
95 144 163.01601349669778
95 149 47.11783158138664
96 111 210.27977071370054
97 117 128.49660138782662
97 118 329.91568120915355
97 126 186.27217721939735
97 136 32.20985620356918
97 137 11.76504046646028
97 153 198.20267679253126
98 104 32.55940743518979
98 108 57.26514120859284
98 118 75.07803369199537
98 125 26.97046776770385
98 130 55.73881965978562
98 131 12.31609677729961
98 136 120.93732518653674
98 142 137.86092451266055
98 148 76.8539243032945
98 149 201.92580178719942
99 117 74.0143658208165
99 120 11.555754539205706
99 141 13.477285959622037
99 145 139.98438029475602
100 107 12.430222097190033
100 110 52.189196126555935
100 111 26.76295840101291
100 123 153.02045125964565
100 125 12.638341190464548
100 150 41.85072587889562
101 126 32.6066291114317
101 131 101.96477163373741
101 132 33.86926320408305
101 141 67.85138994216008
101 154 11.72654366946958
101 155 28.218161294636715
102 137 62.178517465979326
102 141 227.68026914767057
102 142 9.497781801573572
102 153 130.79448918506768
102 154 27.999764857957185
102 156 55.10199543278429
103 108 8.864471706159456
103 124 186.30707519632526
103 126 109.20428508617742
103 129 3.290940300373552
103 133 136.00326940872995
103 141 28.793388471519496
103 145 204.19224162656576
103 146 18.824010489987742
103 153 243.1215248637979
103 154 18.122369229361215
103 159 25.58611991129903
103 160 12.72826187377397
104 109 18.503196710135363
104 112 50.906977093192175
104 117 103.07523586627148
104 120 46.240424309878925
104 125 319.3373440734999
104 129 171.45212491408128
104 151 25.483533988369523
105 116 4.550178605669289
105 117 56.19868332035675
105 147 23.594018046120897
105 149 87.4944994625577
105 154 44.59836073728959
106 114 32.26088964471031
106 120 56.718463503506946
106 126 48.47203996132315
106 130 205.20377017390396
107 116 21.330163873749026
107 147 830.737867814724
107 154 66.56558862751743
108 111 20.62760532652262
108 126 79.45831084677988
108 128 82.19898718015138
108 129 0.2918858854469956
108 138 71.2557835958714
108 149 126.94120585113514
108 157 100.61931739706313
108 161 90.95902336579334
109 123 4.351985963933536
109 127 190.98305073035385
109 129 19.284280656030973
109 139 49.1205890528585
109 147 8.295945783955158
110 112 72.63078517371497
110 117 127.77246905078344
110 120 39.32880571826431
110 122 105.49013880381695
110 126 208.75798272015874
110 132 186.4212711446074
110 137 91.13171488505634
110 140 46.54308827530487
110 148 3.773875790702854
110 154 32.02885256347954
110 157 18.957080579164693
111 112 30.12300432791173
111 114 66.41094785945447
111 116 8.779826954069843
111 128 50.964242132265895
111 131 65.85774666858974
111 136 51.21540573338509
112 114 243.16576677236566
112 119 18.2089708170321
112 120 109.08812324404543
112 132 32.639318279773725
112 137 15.710615441647509
112 150 43.71777700696526
113 117 135.97553046849558
113 118 26.709147249559948
113 121 10.320073756793901
113 145 192.73304924124878
113 147 190.8848632303962
113 154 35.14809511169093
113 156 54.02650514805642
114 117 205.40785565827682
114 118 279.33857915086713
114 136 31.472680071501227
114 139 11.860926352410145
114 143 43.71214083516562
114 153 121.19816837663315
115 116 57.99193422024829
115 121 49.85874203351319
115 131 9.297687602305798
115 135 189.91026707686083
115 146 147.74636749388145
115 157 34.977824740188126
116 122 104.92064936149644
116 123 132.48649612151516
116 143 37.36626575363384
116 149 18.285224140928452
116 151 73.26546857843978
116 152 197.16864518176806
116 159 19.636900657833785
116 161 5.740260562149773
117 118 67.65085888284861
117 121 208.60515450894235
117 122 9.34766184307734
117 141 84.13589807470743
118 120 146.33666190706154
118 122 284.9780213850099
118 123 28.586957790187025
118 130 29.14259706149714
118 133 7.948722141574105
119 124 104.24063624993298
119 139 73.91169179405512
120 124 1.9233341435920124
120 136 64.96251445650667
120 148 25.637737177888077
120 149 12.23704047087428
120 151 81.32900674811394
120 155 262.9637857847851
120 156 160.84951416036338
120 161 15.957630906045472
121 122 171.10716119662743
121 140 21.95375423922964
121 147 117.50422081101468
121 161 160.93700483356378
122 136 113.8568844007875
122 137 29.52839907236185
122 144 37.10924486242082
122 159 18.3947854132488
123 143 71.60125504612176
123 144 44.97568548602605
123 150 38.63381481093337
123 152 1.9571346951477504
123 153 137.41392200299433
123 158 322.28769404072835
124 131 24.748139855250166
124 137 40.81992691616892
124 141 59.10585611584165
124 148 34.05504632282451
124 161 97.32353088143589
125 140 321.42744737211683
125 143 252.2259164300813
125 150 45.054910461346886
125 160 9.007128348371724
126 132 69.22429494184122
126 144 297.68093074847224
126 149 7.997513554389421
126 154 4.285609898469315
127 135 96.50531688526792
127 141 232.24787116816142
128 159 28.533713964424315
128 161 2.7975310948267
129 144 66.53139432953745
129 145 138.5405155386852
129 147 211.0699861653214
129 148 2.9156844913826636
130 132 0.557652467657742
131 142 141.06498730513846
131 148 107.44226625976339
131 153 174.67805778659886
131 154 150.5496512247184
131 156 61.09617392685599
132 133 245.3778384617031
132 141 3.169984047264881
132 145 128.07212138631587
132 152 23.811239421111303
132 154 75.9042138658057
133 148 37.52045421794269
134 136 84.26320038202176
134 143 21.90342099688952
134 145 95.15839216060209
134 151 101.89353823903747
134 155 3.555309536664429
135 136 105.75646810726693
135 139 74.69401086920122
136 137 183.24692322076584
136 145 78.70194091812755
136 146 30.12503213760056
136 147 54.192096156615094
136 148 51.67783646014839
136 151 256.2403489363534
137 148 70.48697637563856
137 151 79.7136245307763
137 158 105.2028324745201
138 142 65.04549059843606
139 144 196.37576037309174
139 156 206.08474333763826
139 157 45.8996304722366
141 155 63.572808024682196
142 153 113.8047792871722
142 158 12.129747032765067
143 145 173.7267181646177
143 158 588.0215585838755
144 150 324.6326296381045
144 153 36.46350435610125
144 160 7.935175230713929
145 149 258.19031433593165
145 161 90.9665551910963
146 149 42.31438066127628
146 157 55.9091344090982
146 160 3.595603635468873
147 149 117.9641464318344
147 153 56.74810907074811
147 155 34.765436485226175
149 152 7.154268812120135
149 160 64.1299397279143
149 161 38.298868741341636
150 160 16.696796393755463
154 157 78.68544062931868
154 159 63.69420210819053
155 158 20.32836040784835
156 157 44.05080571993319
157 161 138.0514865561782
