0 5 74.1660266625229
0 45 7.9050152005988155
0 61 6.248373547862201
0 64 172.65483273857635
0 65 3.89055542117186
0 74 73.83831949803526
0 78 6.001260237199454
0 83 111.27132803822235
0 86 38.881583590997536
0 94 35.42402233746051
0 101 18.149198379638314
0 106 30.633717245185167
0 122 90.12681157348591
0 145 33.85504278263759
1 2 24.64611254134181
1 24 103.40729645116336
1 25 11.305960880707474
1 31 37.706148340136
1 34 182.9321377296109
1 38 24.036845307959325
1 61 62.93696200848475
1 64 37.282299061489226
1 69 82.72151272059214
1 80 123.94587003515686
1 82 415.42516360905296
1 90 30.703794346876368
1 95 129.5820472818378
1 97 32.838405117941974
1 98 226.66476830721766
1 103 48.32186225745885
1 105 57.57551844758922
1 129 220.79720306975864
1 133 2.777510501566931
1 139 86.72060414121222
1 142 128.99513841177014
1 150 24.158977741503765
2 11 296.3619084842939
2 13 67.52156725978071
2 24 88.74210896900985
2 42 124.60194234029262
2 51 74.7230785973901
2 60 102.41100704128513
2 63 153.53654413113424
2 66 16.815467318874514
2 74 107.19266192240997
2 82 16.17628275498918
2 86 12.505622990519317
2 98 26.392956855588032
2 100 66.88867592733959
2 102 22.17790724646377
2 109 102.33473630289184
2 115 140.02832870266363
2 122 22.52523827387393
2 133 33.96762565454694
2 141 85.24532404747478
3 7 40.409568648033755
3 17 43.574780408311945
3 30 24.624996857311398
3 43 213.0023231714694
3 77 56.09805459051532
3 92 5.462157907105163
3 98 31.911343546975008
3 103 92.65646046366477
3 114 98.6106832000273
3 117 72.58970733323933
3 129 51.33791342724115
3 131 71.42037518395254
3 142 2.626980418826963
3 144 12.498772475778793
3 150 94.97960944119826
3 155 12.096195157835265
3 160 33.829460411838966
4 5 49.35180242752243
4 11 15.250962068254475
4 40 64.97979216704753
4 46 67.88085136624512
4 51 181.0746903830396
4 63 113.97140070268563
4 65 38.6565170679914
4 67 83.32117496292992
4 87 176.17673145318813
4 93 26.722179610402208
4 99 51.08210695206469
4 113 20.539738838727512
4 123 80.39077316947994
4 144 26.106066887644506
4 153 33.84100359574777
5 27 35.57103625448749
5 31 404.96303765329174
5 40 26.903915560347144
5 47 50.1699735930393
5 57 62.185513075654384
5 80 29.79497640504665
5 99 60.829270021867735
5 112 19.04654667813911
5 115 57.70616045659003
5 123 164.06326279306649
5 149 167.92770295732862
5 153 9.452392209386343
5 157 65.73494816959429
5 160 255.62045400736622
6 16 45.91924715990383
6 46 5.269161622121176
6 60 35.042365382079375
6 80 3.618073070403653
6 91 129.75395558338158
6 94 3.7833666411017526
6 95 147.86266811901137
6 97 120.87115635274225
6 112 250.3502150461827
6 123 45.25790887482883
6 131 3.928455444084394
6 151 40.03288854755747
7 22 129.7978272261485
7 26 71.25445440646922
7 34 6.188067681846417
7 35 61.11365002425296
7 44 79.88016128226172
7 54 21.65339495454844
7 64 253.92454819429244
7 81 160.7277625390729
7 90 0.542975568100963
7 91 28.295601830311032
7 98 70.475184191137
7 101 115.28335210037827
7 116 22.525270675589567
8 9 122.07185093997728
8 14 68.65603623628697
8 35 160.9466264687097
8 61 7.236086350922605
8 71 31.752516582599963
8 72 46.481437278166105
8 73 131.00735143866152
8 86 14.415358030731593
8 92 185.67606131524767
8 116 14.542707734640397
8 122 27.982611291182472
8 154 27.014535038711
9 12 27.596807048887644
9 16 24.756613462847422
9 36 76.24280541038485
9 48 20.810412317470934
9 65 52.89661878782319
9 73 1.6082025238330508
9 79 123.48112043932902
9 92 12.47552729669781
9 114 15.862036886464303
9 119 138.13587191013485
9 128 67.10738209273694
9 140 1.677741175051889
9 161 25.320035596541164
10 24 145.41265481635403
10 36 10.320957902482995
10 47 61.40192967816935
10 53 26.143968764847394
10 57 66.05940508664648
10 65 82.48645115605194
10 69 225.29272951495665
10 71 81.82474833141549
10 90 87.69718781079924
10 97 46.80241094360209
10 109 70.90893072785566
10 113 90.05111482963979
10 134 158.03949328119083
10 141 89.59657102730186
11 12 81.15248953937603
11 20 57.65395090532987
11 22 1.8580195196988976
11 24 174.89794325338616
11 33 3.0163401307512188
11 34 175.26593182375262
11 44 129.09437180019916
11 47 30.411133757406816
11 51 151.9337501382796
11 61 40.56104841430154
11 78 5.855156674484038
11 94 58.59449681251518
11 104 161.19335940320656
11 119 56.451019859645406
11 123 21.392823298698517
11 128 127.14849672445354
11 135 5.1795688825163895
11 139 21.005971105583523
11 147 46.612194395101454
11 148 14.952540155410265
11 149 188.40633747970884
12 16 44.254698041519895
12 18 51.47958906064867
12 24 57.1087099934695
12 27 25.941391829602118
12 44 234.24057304929394
12 55 130.6400196174111
12 57 7.46120829584614
12 62 94.51271997706482
12 65 67.80757055991576
12 85 24.730420461463844
12 86 394.1661104486057
12 91 203.81746978227036
12 110 179.58946573108562
12 112 39.76743838610423
12 113 20.583671969904994
12 119 8.689048372574947
12 134 383.84212827883874
12 135 36.84607437529744
12 139 70.70356389533089
12 149 47.47820283561594
12 151 46.07312402148455
12 156 76.22323680956151
12 160 69.43838355993273
13 19 37.04286232862277
13 21 0.8534303050920119
13 25 254.4439602702222
13 29 33.51386909609764
13 43 293.176246551133
13 73 110.22027155799279
13 81 28.973214137836386
13 120 126.06257205954904
13 131 40.28173667895219
13 132 133.92084508345917
13 134 130.6543239312629
13 136 14.700852261681591
13 153 7.638683728178376
13 156 11.107920507673265
13 157 33.89495447218787
14 37 63.745540088582864
14 51 30.96747800933922
14 55 18.945462961697878
14 69 14.981757849336757
14 80 24.168656250190967
14 83 70.19534254946271
14 90 3.8940133863375612
14 108 113.13388344526764
14 111 15.613105307675585
14 128 42.864091473437306
14 140 166.82159299962177
15 57 93.76569268842425
15 68 8.284519725795073
15 82 10.512699378811464
15 95 23.01789192341156
15 105 9.640058082212796
15 113 35.30963025138108
15 115 193.01660303681203
15 135 42.99640311362995
15 147 88.01639094469488
15 155 28.68738680459349
15 159 199.42931529449262
16 19 21.892730260665196
16 55 181.95125867928996
16 60 164.19686394430713
16 64 7.467116602179947
16 95 0.23382784139496865
16 105 91.1662822388261
16 115 22.796928700743745
16 122 72.62727013356634
16 125 12.567381749864497
16 161 122.26673475115155
17 19 261.566764883719
17 37 1.9412643654284927
17 49 12.670568121470179
17 114 79.86989356198308
18 19 134.2445920772133
18 31 6.737466921134699
18 43 18.811910248252882
18 55 104.84955368892197
18 77 7.279893212696734
18 83 15.900673207283043
18 95 33.39875164170039
18 101 36.48226001545404
18 103 84.8229199482275
18 120 135.6566245311471
18 135 4.803131847340139
18 139 3.1718684693316033
18 141 14.883398685743899
18 151 40.323829419392986
18 154 9.577295303401767
19 32 187.2590047713626
19 40 47.846297722927574
19 42 9.15268263541713
19 44 3.5884912084610994
19 55 189.2795178727255
19 71 140.56118821925728
19 72 25.88917440852593
19 75 48.116583831354774
19 95 86.45260176924351
19 105 7.113455249963992
19 106 32.60383933209436
19 113 98.89694904595538
19 116 78.25046406266868
19 117 9.526717324126542
19 120 93.57872758651307
19 121 1.9549013215918774
19 124 181.83689262181403
19 125 170.45352453584277
19 136 65.18409995743136
19 147 30.195347903173687
19 148 88.23402804930731
20 43 189.84314963741988
20 44 19.225803879610392
20 51 64.83279477470637
20 81 51.699825351526506
20 83 66.90493615530586
20 88 124.3444242031781
20 90 108.71803336415402
20 91 203.4035499572285
20 93 17.653106168772794
20 94 178.42898634662757
20 97 20.59203610824628
20 100 545.1092266064967
20 114 41.60092723791044
20 124 22.065851127529932
20 128 1.1982090890560992
20 139 29.435264978586787
20 147 459.39160072367855
20 155 45.43027206168146
21 23 62.02889936185643
21 44 61.381812950919844
21 53 42.0056078767708
21 84 126.99463253727342
21 88 7.438675235347076
21 99 185.32194116126948
21 107 52.71300145817876
21 122 34.40855535245971
21 136 67.62084005839623
21 140 7.963764036113121
22 32 184.25385478258804
22 51 10.090902647648603
22 52 33.94878941769946
22 55 33.639114948904414
22 57 171.80029081588214
22 79 289.28342613641183
22 89 100.85571380352232
22 114 0.05956387804829828
22 139 77.68296411644342
22 141 11.857831680599736
22 142 78.94284697463914
22 156 3.1113064400402854
23 46 49.687890046325116
23 55 132.5232044631852
23 69 219.16465808114452
23 77 150.75899740573655
23 81 144.8803215476195
23 89 89.51321124665286
23 91 145.33944977145777
23 119 82.49861119331598
23 122 20.2567269631196
23 135 103.43700295227619
23 147 139.8426148109284
23 148 154.1707658384344
23 153 111.82436408347894
23 154 94.90310391613937
24 30 341.90839269440426
24 50 232.10135037871257
24 60 9.913012331442596
24 80 454.615865960737
24 93 21.465225654448
24 95 183.73320062702766
24 116 50.64468600407121
24 131 13.135871430834367
24 148 1.8382487024600263
24 150 63.79290343342938
24 153 12.679128746028313
25 26 71.44260651378988
25 40 102.06830281524184
25 41 109.18687606057975
25 53 80.27983163081691
25 73 9.013309064776442
25 82 99.45109701747884
25 87 39.2812090394334
25 88 22.49317304923365
25 92 57.57282465427026
25 105 231.5013289462047
25 114 19.69103775801631
25 123 40.82528036895979
25 124 81.58219515310789
25 128 31.823078558592425
25 134 233.85223847155996
25 144 36.867899172830136
25 153 15.761864111631093
25 157 177.7617111646777
26 33 42.96997016941062
26 35 29.49649549470612
26 62 30.02158494999824
26 63 67.27910239229284
26 111 159.89171202361325
26 116 41.4295443195749
26 117 18.23598862073961
26 120 159.16766152553737
26 122 278.8797055841493
26 126 234.0332869191332
26 154 76.61338939688291
27 39 51.52099175443966
27 44 19.874250881024185
27 47 51.43117532565665
27 51 44.50673076949418
27 62 127.28303459347775
27 67 0.18899910695656327
27 77 61.848277800771406
27 84 138.53743148449072
27 89 50.61296026993177
27 97 10.240853299202994
27 102 33.61417965712506
27 111 77.17210489668496
27 117 273.4266094399302
27 122 81.89822469789753
27 143 17.990490016988236
27 155 158.20587281819633
28 54 19.809626434026654
28 79 1.101915248475352
28 81 52.50014463884838
28 91 4.956701609079401
28 92 17.73683679880931
28 129 237.75964137694504
28 147 18.72479897129215
29 36 18.94010754594058
29 38 96.27570688484161
29 42 203.53857422624816
29 43 29.591317952970922
29 84 35.13933260472923
29 98 31.508792823794547
29 111 197.36517934735795
29 128 11.823403342810744
29 153 24.8740047636074
29 157 69.2806332974915
30 34 25.990972090224535
30 46 335.1559857817344
30 49 47.50297737097324
30 51 9.407389082541803
30 58 8.431519168203135
30 63 57.78737171359177
30 67 37.11632993343479
30 72 63.28654945761324
30 78 86.26557232399718
30 79 131.09675817521781
30 89 22.308342804597565
30 98 105.82283160024704
30 116 69.22062833469865
30 120 99.49777643828969
30 123 120.51526512794491
30 124 5.321912756375344
30 125 117.93678281280371
30 128 104.28510392564951
30 129 169.17720853830787
30 131 4.913054274988685
30 139 42.17886440708199
30 152 79.61002284293043
31 35 241.13928059218392
31 41 89.15006278565028
31 46 27.903388743228206
31 81 13.048373976545298
31 87 171.16525023235238
31 89 90.73283838407727
31 99 10.746369770878974
31 117 2.4891728314661696
31 131 46.27537487194188
31 144 33.72221283183464
31 145 124.5197750928408
32 43 7.445568359201344
32 44 21.31373575719718
32 70 14.579996429128292
32 71 121.077376459547
32 92 7.87123750488813
32 98 54.13580430478063
32 102 67.09600376867257
32 105 12.718563015699669
32 114 203.32224726076933
32 120 117.063020390673
32 149 48.00959030495769
32 151 9.84167894664806
32 153 52.890307678802614
33 46 119.59407040261733
33 47 20.448832951983867
33 48 65.54901987548084
33 63 24.94186185361142
33 77 22.127770843536666
33 81 130.6796082887952
33 86 42.46497354242124
33 88 54.649280217368535
33 91 8.867105872814776
33 98 47.627510292494726
33 102 130.7134999914947
33 105 4.037371112997863
33 106 21.142692373239225
33 112 23.286003422976417
33 115 286.87445074174224
33 151 107.25038643282424
33 157 27.42762072390532
34 45 42.6618441542825
34 48 239.87686262068186
34 56 321.5691833227914
34 78 0.21530785042902553
34 81 11.340413413996744
34 84 48.75272872145227
34 86 25.530307134049718
34 87 29.77626165954904
34 88 336.5895486256079
34 98 4.56682747123809
34 100 2.685718423486173
34 101 69.65714025416224
34 115 89.88457087797353
34 124 80.10937115686998
34 135 10.547398252480138
34 149 8.287012667682403
34 152 104.87940797907301
34 159 29.62049333177961
35 40 43.911156369051575
35 54 76.52919778372183
35 71 114.69287919370706
35 78 76.27550646760331
35 134 11.217023524238527
35 149 100.35221403457255
35 161 38.6528616860371
36 63 123.12737741743481
36 78 144.79306538741108
36 101 28.30857657296683
36 131 60.058553721424786
36 153 104.75479186387076
37 41 145.28239444698175
37 62 94.46835554171906
37 64 55.23936761138718
37 75 52.08405322598929
37 114 40.93391699702901
37 118 44.125565342540504
37 120 28.85418878156854
37 142 17.73975059741934
37 143 88.53995863961399
37 149 14.511335478878765
37 153 102.94906043792464
37 161 306.41247528772504
38 64 7.651963250666667
38 84 157.26132584045084
38 106 3.9663262400459116
38 134 160.39481843822298
38 155 37.740795851813516
39 84 11.413427023838757
39 85 24.01948985678196
39 90 20.5146125112641
39 106 78.07540397359332
39 111 100.99332394799528
39 116 13.334794253197588
39 138 7.056162637753572
39 141 2.1784375140968657
39 154 34.710965977984095
40 60 46.322780650671326
40 66 153.38211886536695
40 73 158.49521431351587
40 75 15.938910417663054
40 79 43.07995902113419
40 87 20.767254896013284
40 94 42.142155695871644
40 95 87.95949179743853
40 108 136.01663582231947
40 116 224.04958686406377
40 145 89.34998091085295
40 148 123.34527291201627
41 52 92.1302333120127
41 84 90.45675945655394
41 88 49.220660552003224
41 103 94.20943035684664
41 119 94.84461645151835
41 120 29.395052729090224
41 133 45.661402047770785
41 154 113.66884578485308
41 156 15.087463434146258
41 157 42.40633605960498
42 43 67.20546874283197
42 45 19.713136567400824
42 50 59.71375292128423
42 62 144.10136531025904
42 66 120.81704093226539
42 71 15.79482648279275
42 77 28.937058466801375
42 84 377.15340676311956
42 91 72.50489490950068
42 122 120.30735468540144
42 124 44.21521441687172
42 129 51.264696586784815
42 134 18.908155209970012
42 143 11.88166935233001
42 152 80.17689359152016
42 154 18.92358956375624
42 157 135.1430751321828
42 159 121.50176849651587
43 44 56.7108220308826
43 47 215.43533571188274
43 54 11.112179984807355
43 55 21.09421374860478
43 62 203.5769173499621
43 65 7.862425583257822
43 77 44.256592699295055
43 81 32.63691725229621
43 83 206.1529144990605
43 99 20.81132304249249
43 110 29.536443707662883
43 137 61.598930233615725
43 139 196.41774985085465
43 151 131.94237013059342
43 158 295.3138708066528
44 56 91.14839191264521
44 73 60.617684065222406
44 87 42.58311978739056
44 89 13.023594879719404
44 93 42.58998262321826
44 96 44.414491627441045
44 99 66.03942961191404
44 100 399.47634407361824
44 104 25.51404753390738
44 114 5.131871646903116
44 123 339.6647343137803
44 128 34.91424557931092
44 130 78.15701320132771
44 136 65.04481524593973
44 137 16.283181695286444
44 139 118.93904220010317
44 151 88.19796346105106
44 158 90.48606879033885
45 53 33.284514065302254
45 60 127.47439871573297
45 61 29.56801676965671
45 74 354.28384115067774
45 79 8.950248400580795
45 81 21.24981200613109
45 82 138.50777736376034
45 89 10.950030670160775
45 92 82.29516725202232
45 102 211.32603071097398
45 112 38.629201465155255
45 119 13.344176852115705
45 131 20.09560787833034
45 132 11.01110914977167
45 136 72.94681581394053
45 157 72.72346536934239
45 160 109.06614036354378
45 161 166.0460586612725
46 48 35.40477115599088
46 51 77.12270327236354
46 61 97.46718641566989
46 72 150.1123143878565
46 89 164.45989573708388
46 114 62.67897830888304
46 116 122.58584972529216
46 152 97.14141920969396
46 154 6.6293723760678995
46 157 107.55017271213545
47 55 6.827135563807754
47 90 17.823349671378182
47 91 246.37503167356974
47 113 19.92003213964148
47 115 73.25545782678424
47 117 39.12114057887568
47 131 64.89938814901724
47 133 12.11549513275504
47 141 68.89260791653582
47 150 1.1487269264066502
47 157 143.04076666646145
48 49 36.297631614955975
48 60 68.31104414517004
48 65 23.610284606932197
48 71 41.34398262626202
48 86 77.33944994355076
48 99 79.99215008404465
48 103 13.893168295838315
48 108 28.039785756543022
48 127 30.926361152940043
48 142 44.131363116852455
48 143 80.70773252499332
48 149 19.58353144720256
48 156 157.9590147897503
48 159 60.994908133449414
49 53 5.537199286984525
49 61 146.81849033518853
49 65 53.97046389677141
49 71 36.161910606664456
49 80 21.337666506892138
49 83 53.59589243290896
49 84 12.285758988550308
49 109 114.4566285992908
49 141 0.21994347837797712
49 143 0.4379263235743773
49 145 245.35622288002048
50 52 6.98540954963766
50 57 7.29566839418193
50 66 100.01474887409546
50 88 44.24651738553934
50 93 35.41670536572678
50 115 91.42019923496252
50 131 64.43491836769441
50 135 12.445060735766434
50 141 78.34241331794003
50 156 68.37554471467246
51 60 0.04333295012232367
51 80 26.82213001771611
51 82 29.60619541932146
51 108 29.18141967871002
51 123 11.883572197475186
51 124 93.45582901171427
51 128 61.664329526724366
51 132 266.48450284010676
51 157 29.954214628693148
51 160 38.27990626838673
52 75 23.888690239994116
52 80 31.30155081404378
52 82 30.25917181901285
52 83 0.8004668239024362
52 115 93.29137524619954
52 121 23.85413798682794
52 131 22.280963861147168
52 147 310.55519024566905
52 154 31.961699015963408
52 155 9.475755792080463
52 159 79.44499961683665
53 61 100.85968200425006
53 66 499.9805664831093
53 67 11.507259779379622
53 79 37.660815723067635
53 80 169.93177392993806
53 84 104.79346988293902
53 100 78.16187700564818
53 102 54.020321169246344
53 103 274.64561455422967
53 108 35.59161493728975
53 123 309.639294713281
53 142 31.92283369579957
53 145 24.813727560753364
53 155 50.220548765211035
54 66 39.48231718363494
54 70 23.95816894614719
54 83 66.54591861469835
54 91 69.48202948664374
54 92 13.80389449315209
54 93 2.1225778747338366
54 101 2.831753551246275
54 112 33.15599062499487
54 120 18.099808011416528
54 122 44.93182006447213
54 140 4.783303323795668
55 57 56.64443379262486
55 62 113.33959782457698
55 66 5.9718379129114325
55 69 69.29263091901346
55 74 42.49609834359952
55 79 51.4195748169598
55 81 5.656031684884714
55 83 44.78656128797038
55 90 4.369964411653166
55 95 16.234091670537016
55 101 37.95222906268403
55 105 33.71476067736925
55 122 94.07400728966029
55 126 17.551538790959977
55 131 92.88727080481104
55 159 259.10485878962834
56 61 24.944562945151663
56 80 38.82226128180291
56 87 60.47878411896489
56 92 2.1693978169043993
56 93 110.74354970188837
56 101 93.06196638101136
56 102 39.5538037315194
56 104 122.77641723656257
56 109 93.58125936845548
56 115 159.96058307860616
56 126 173.327866763923
56 151 24.875729385379167
57 84 321.45454543609037
57 87 88.35297971072106
57 97 82.5049291133472
57 102 8.57330538816067
57 112 2.8191084623538627
57 122 18.577694157301895
57 130 162.23201144974698
57 131 56.783203885986744
57 133 193.7984696029308
57 144 174.28897932340732
57 145 28.833624838137723
57 152 107.12857207407939
57 155 175.25083027786386
57 157 34.34875306469443
58 90 111.32485365028712
58 116 23.5219534842516
58 119 112.06953832449081
58 123 27.25355949522152
58 145 12.65115859071061
59 72 43.93120689740225
59 74 19.443134822867485
59 84 135.31531002481734
59 100 76.42119106770582
59 131 251.12450424619615
59 145 247.62455917549298
59 154 106.31714083493283
60 61 32.01453111185133
60 65 35.47054206546916
60 68 154.08971370534744
60 76 62.993119946050335
60 80 101.15613325328812
60 93 154.60290055629756
60 94 21.781991598170464
60 111 5.655981209724669
60 115 32.48777381271257
60 121 59.76097696130441
60 126 62.38100783737645
60 134 67.91673641401545
60 140 97.65569984586782
60 145 48.751026410073095
61 66 112.17702645125433
61 68 15.237598209220364
61 74 54.822743285361156
61 85 67.99770189496537
61 86 48.88447717310339
61 92 221.47889399770114
61 96 37.932267179305725
61 99 22.978607583601303
61 101 2.8727679332319966
61 110 3.072670258891298
61 116 54.76766395704373
61 117 29.862993465442056
61 120 35.4472214159378
61 127 108.44889916712289
61 131 62.62833099378224
61 140 43.25512598621263
61 146 1.8394342968640995
62 66 89.80464853649084
62 95 604.1208061727039
62 110 12.379863775126625
62 114 266.99595974243795
62 129 49.54430789692113
62 148 35.848975324234566
62 151 25.827557248100284
62 156 30.473197377491157
63 64 74.25018024570602
63 65 40.654549903956834
63 69 17.207673977895972
63 73 135.44093840271336
63 83 154.12694496480057
63 85 113.28619792792279
63 95 11.355065996617828
63 105 114.53444261868772
63 112 102.4360035302792
63 116 58.73206363909159
63 140 239.83145931996123
63 148 8.598965072287953
64 65 102.46701374720475
64 72 258.6118801221829
64 83 41.55194277803842
64 84 32.640078170189746
64 88 175.50404078310535
64 111 233.10959555072466
64 113 39.90868666255581
64 116 46.264132798224004
64 120 466.5541195825518
64 122 241.62990580181494
64 125 44.2514758553948
64 126 19.20475413759009
64 131 125.18456908240942
64 136 55.95365684408741
64 144 8.812289844874968
64 150 176.5949434254348
65 69 58.5204885804863
65 91 13.021508807658945
65 99 26.431675567723786
65 101 15.301100891418624
65 119 31.31231402093475
65 121 6.257480774818407
65 130 42.45446156647627
65 133 52.322860614407176
65 145 173.38336328854118
65 147 41.02577158483352
65 150 37.05105558326674
65 151 27.57425376024665
66 74 7.362948077777603
66 79 51.132285679743674
66 84 174.1627682846621
66 86 68.8597202051523
66 101 11.359754991160065
66 103 85.99763325000461
66 105 49.25966789591373
66 135 404.21899246578863
67 68 158.4832906829182
67 80 54.90411393146285
67 110 11.50430519179364
67 113 44.57479571193774
67 114 63.18695418418196
67 118 11.868495334972366
67 126 18.325069023451224
67 127 62.33103580991481
67 131 43.4138099232153
67 134 283.40290228494246
67 151 154.6351847138108
68 85 8.554375600458108
68 97 158.61827867481009
68 103 26.04837471130253
68 107 51.6007754254785
68 157 64.49752222005195
68 158 56.880035623243174
68 160 229.5681522555493
69 84 33.55434190270795
69 120 110.89284736109637
69 125 4.549424386352539
69 133 57.918442530147445
69 142 4.57947870488457
70 130 16.441434513560083
70 137 40.88316437425662
70 145 144.47425059974782
71 77 116.50528794888376
71 78 2.472448556574306
71 91 76.4691359792028
71 112 174.78397812868343
71 122 29.72855000879555
71 124 168.01985038362258
71 143 13.243154820075448
71 145 55.14412905493038
71 155 22.1128892940827
72 83 2.250319545409169
72 108 8.921570669955951
72 130 32.994185375869314
72 136 125.59955280044298
72 141 9.93808994888667
72 155 91.69682641595519
72 157 152.55315667035674
73 80 62.979111572367174
73 91 45.01010548771686
73 95 341.91270820760104
73 109 20.764697685537186
73 130 39.455718109056406
73 146 159.7698855698019
73 152 27.617327598466982
73 157 278.0415659955126
74 84 79.38863352836947
74 89 182.0461164952804
74 103 85.6799723901939
74 110 83.4450260334984
74 122 17.228078452934803
74 125 21.550576669777975
74 132 43.0764488922581
74 134 17.578677131768284
74 145 126.7181967099226
74 147 62.291104064268765
74 155 43.39046905434268
74 158 89.7783270331308
74 161 38.86699484572341
75 85 200.65933363742207
75 89 1.7557691206913335
75 92 242.98235686283192
75 98 52.02042179719108
75 123 20.233793111173764
75 125 43.657704842156214
75 126 23.53815610925302
75 128 219.78441795486037
75 136 81.23574182068445
75 154 72.06556945081662
76 84 94.26303604428732
76 92 103.85500801856394
76 105 44.58719139670534
76 118 236.19490592786485
76 123 0.8502492581063327
76 135 168.09954497606455
76 137 25.12053241003597
77 88 97.24417500694115
77 114 21.047418559101228
77 124 41.149051434798146
77 135 70.11903880081216
77 141 172.30418241822275
77 143 1.4189715764259743
77 159 101.78649388085248
78 80 74.86703024525463
78 82 146.46231143774298
78 100 53.74184540480635
78 116 88.00397287375807
78 143 17.47246966639162
78 149 25.10466308709155
78 161 54.04854316869817
79 81 102.85420599118676
79 83 175.8803029382958
79 94 43.82269481408995
79 122 102.44199964528015
79 123 167.1164140301701
79 129 100.90366112533752
79 132 106.45667890862866
79 142 98.54451777989566
79 144 111.82491479065192
79 155 10.167353705915211
79 160 157.2998127403266
80 84 187.18438432801386
80 87 138.56448169416618
80 91 251.20586125923197
80 97 23.291073393312573
80 121 383.4184843093502
80 134 10.561565486980387
80 141 82.51508180043146
80 150 68.23408747291104
81 82 58.082543190664516
81 87 25.293347514977373
81 91 90.19350913278619
81 93 121.28651254174574
81 98 81.13317041222429
81 104 15.335478886108737
81 116 14.699836087791885
81 117 22.468014389525447
81 122 143.73772062268637
81 135 214.41118994442934
81 141 44.65078696055535
81 147 45.327053833147474
82 108 57.064233774959504
82 111 142.52839417306558
82 117 18.46519084074338
82 124 3.50447401051592
82 127 219.41985055875327
82 147 1.6867695074685052
83 99 6.106000773221898
83 112 29.317849949909306
83 117 12.606599005514942
83 119 7.145110819571093
83 120 22.719280753433715
83 124 51.54638858736267
83 125 6.214154061608918
83 136 50.08765816808548
83 141 256.2013266860658
83 142 68.57932442104104
83 144 51.8668220799026
83 161 122.97738187847037
84 87 30.05308712711171
84 95 16.935505556771172
84 98 0.9904092519978631
84 100 42.512863815909306
84 101 45.96880853423616
84 109 162.15808271837196
84 121 43.49357091310286
84 123 28.160172116122634
84 132 118.2550640659938
84 145 2.3695635266803663
84 151 171.72824608156048
84 157 15.087350058768722
84 160 74.14792827811287
85 125 5.5061617778267395
85 136 55.79249072827439
85 148 46.07923343874107
85 153 65.09253319744307
85 155 6.767308063908946
85 157 55.75857736214137
86 98 2.335935909215458
86 114 43.75084591499214
86 153 25.950624575094125
87 91 28.605996420523688
87 135 180.87537565481938
87 143 58.650425667761844
87 145 15.947773691853001
87 153 108.0530237763477
87 157 42.08537647837955
87 158 5.197097695049785
88 89 16.671490372428437
88 91 82.26347882953787
88 95 3.915961192928106
88 112 7.4199194534597845
88 118 154.98653186270025
88 122 88.21534950957584
88 125 68.40151774004711
88 126 17.22233223202819
88 134 60.394677467801024
88 137 11.82601342612238
88 140 162.85571742708208
88 150 37.025358663776615
88 151 128.1253096906421
88 159 35.295117864894685
89 90 5.360733834936557
89 92 34.302593406975454
89 101 1.0831661651190512
89 104 154.29365737086704
89 105 37.892626883221304
89 108 170.3645279570797
89 110 19.65953405890782
89 116 17.05644869578102
89 121 121.67219066729307
89 123 98.68488437292541
89 129 146.8337198839324
89 144 8.708829847277592
89 155 344.9140248722883
90 93 254.55765079532236
90 94 32.77965866671509
90 139 90.9669925307053
90 143 178.74538840729878
90 146 84.96218222494095
90 151 3.114819501140244
90 154 63.252909927944856
90 161 31.392014782318654
91 104 83.96134452328427
91 114 149.984894912704
91 115 215.8722438620356
91 116 27.63089023867207
91 124 20.379627322897434
91 139 69.43782922191502
91 141 118.1108387139284
91 149 173.26068577906017
91 151 82.22616617353039
92 95 0.2718465930644664
92 97 5.1804978851950265
92 98 17.77097629720027
92 109 170.12885223916695
92 115 16.890473843775794
92 132 14.527003850033823
92 137 15.699173328119889
92 142 28.657223133111977
92 144 68.4096971527597
92 146 5.264926212300663
92 149 302.4343821649741
92 153 63.47587939643803
92 161 126.40048165591675
93 97 118.918857441987
93 104 115.26846458332605
93 107 26.782967319039027
93 108 190.74289611655482
93 109 171.77564818221668
93 113 62.85846111260572
93 122 53.72781395687341
93 130 233.966356764558
93 131 56.4643389310496
93 138 119.83028056749413
93 141 88.40394521420716
93 146 55.36956551247707
94 113 22.742160584891433
94 118 52.4358029369239
94 130 28.313252840586856
94 144 53.38532513613435
94 147 46.42342329287806
94 154 31.462198669576047
94 159 18.206572948443846
95 113 85.26927283132916
95 119 63.18077442908214
95 127 37.257744896956616
95 132 253.02356355865663
95 133 118.18334732179292
95 136 52.244763229312746
95 145 25.069510956762826
96 101 9.58307683345109
96 116 233.85287218267968
96 128 53.16400654087246
96 133 111.6349471123754
96 143 193.10684847427166
97 113 72.659004787753
97 117 255.25809639707336
98 105 8.919855167889693
98 126 18.266111386983226
98 153 44.31035936614613
98 157 48.997608569792185
99 105 4.267641157513512
99 122 195.40749144953108
99 149 203.79249317552507
99 154 8.57960712723316
100 124 37.813531356794115
100 127 49.91670843866852
100 142 73.08082314237313
100 160 30.3276262561707
101 112 0.8807724635303026
101 138 146.63957671699598
101 149 84.18352717185654
102 128 52.48753208364414
102 132 112.77479416001293
102 135 94.37962828852736
103 106 48.82958687796083
103 107 77.12725834875745
103 112 91.87549959346339
103 113 33.81693530744374
103 141 36.25720018813024
103 146 39.18355754577132
103 152 0.505690921153441
103 154 11.480248576628261
104 109 65.43687307708687
104 111 369.21678494255116
104 116 229.53437717400328
104 123 2.595155774277909
104 139 24.606392012085994
104 149 44.34728972133689
104 157 5.357435215999002
105 109 22.97142168029702
105 111 19.488697586055014
105 112 40.96658908658568
105 118 19.226935613797284
105 135 115.45005762414607
105 140 4.306291326617541
105 141 38.043138606788936
105 143 153.7313440577539
105 148 27.520333512184774
105 154 37.67174314874277
106 128 42.2399121195435
106 154 18.496854013989267
107 154 138.40815329700231
108 109 109.14166705208102
108 123 75.27575091579108
108 127 23.65365985243034
108 128 4.123123703203513
108 142 26.444302562286737
108 147 136.19625696953932
108 148 117.11889424414595
108 149 255.07107561457482
109 111 134.28120112883903
109 116 55.78969215143461
109 122 206.24709129418102
109 123 7.918260196313996
110 123 156.79653540972362
110 129 41.33043537591491
110 137 40.246201834617644
110 145 69.39637647746477
111 127 105.55915935600278
111 144 253.26083865766023
111 158 287.59706433584546
111 161 64.05180202153349
112 114 77.04420717244614
112 120 13.549634968276361
112 135 31.12537945375128
112 148 73.67365993025102
112 153 142.58151434079838
112 157 33.18475175956292
112 161 4.495273581094435
113 119 10.073811385275773
113 127 94.60064839608688
113 131 36.61088628774789
113 137 242.61179223988282
113 146 16.883724371469285
113 161 84.66689860887553
114 123 5.635145061195988
114 132 12.333959423316267
114 136 20.186915498320843
114 149 96.33186110296229
114 160 9.048642908128983
114 161 79.74844731745601
115 116 10.592038739480987
115 118 117.72074405449254
115 119 212.72327108769653
115 120 317.56819630916374
115 123 84.69075282490716
115 131 50.74757988264439
115 147 66.38155119002724
115 149 32.17185263579038
115 158 59.36126329124941
116 122 0.9539811190093372
116 130 44.91260084059356
116 146 37.860270674029834
117 126 138.49884001855838
117 141 196.99138428586093
117 142 83.04893442510216
118 129 65.73283128437153
118 130 34.1847887246835
118 158 89.59947893794777
119 122 28.349873033405828
119 127 74.89768484412477
119 128 29.062276516889263
119 130 0.8078941736818166
119 131 1.573373362530733
119 145 243.4408149815392
120 131 320.02699259476844
120 149 88.4706767558464
120 157 18.21294920810349
120 161 217.94253875322104
121 132 260.35023854529607
121 142 48.71142080116288
121 159 103.35263924094778
122 136 274.3446540752518
122 145 119.79479662567694
122 155 64.8297692361102
122 160 128.60831194054285
123 126 271.56180374791614
123 141 139.77456018276828
123 142 2.0771072968501354
123 145 25.22049397700681
123 153 110.43008853131155
123 156 110.44699343210502
123 160 12.494143299862177
124 139 4.31931652580168
124 141 5.808852164991332
124 157 44.588207541887655
124 159 31.967559704311444
125 130 19.180064709401005
125 135 174.93984946892428
125 147 50.52871676249829
125 149 119.7929270673797
125 160 18.159406950752683
126 139 40.62897047649221
126 144 9.59327902898761
126 151 53.20969221312664
126 158 254.30020209699987
127 130 105.75458470872255
127 140 100.01882318067487
128 134 49.6607675269378
129 137 37.27476913662247
129 149 17.050330105537714
129 151 229.9485609030547
130 132 114.80581723428021
130 147 20.912088793376462
130 155 91.05377557826486
131 135 19.576352049279024
131 137 43.839643410378926
131 142 24.60347028643927
131 144 92.0535971199491
132 160 38.549246291331826
133 135 146.1702864995311
133 136 42.013687063566
133 143 5.180774566225429
134 149 138.7457388700024
134 150 27.689274808961446
134 151 122.54924862372093
134 160 65.84652291756467
135 144 16.44932419755856
135 149 135.9063190679535
135 151 9.578669266703914
135 158 0.18755650524100664
135 161 69.86014374277666
136 137 402.7920896979908
136 142 35.952708547099675
136 154 17.230791565332375
136 155 397.6913489710914
137 140 30.101135293405733
137 151 248.93894848235428
137 161 32.87118461884571
138 141 79.68310983956411
138 143 25.06385801551722
139 149 47.47055533762785
139 157 30.63097527501635
140 155 463.852930891278
141 149 211.16504330987695
141 153 159.65032584767633
142 144 15.1428440187298
142 149 176.1884269408106
143 149 11.547147334854904
143 153 59.6352840148656
143 160 0.49262036876755483
144 151 240.2133305339784
144 152 15.365473333014915
144 157 151.36468759830996
145 149 91.41303212528445
145 153 204.24045107024472
145 154 40.832291940303485
146 161 28.064842790428326
149 150 21.282719206490327
151 152 179.4991592911628
151 156 334.73183586464256
152 154 65.7116281768798
153 160 78.75295587413702
156 158 56.012003224730975
157 159 108.06651334955546
159 161 36.29607890105823
160 161 327.30522311619626
