0 3 291.57987212987194
0 12 65.42406083945498
0 13 6.8223733575994885
0 17 11.117441746273798
0 20 128.6548678875857
0 27 152.71574345886873
0 34 68.3556888923165
0 49 9.12894201124728
0 52 29.67500536206681
0 66 439.47105605957034
0 113 65.921009795475
0 115 55.48708764935794
0 126 24.63728584278393
0 134 52.403363912515154
0 152 3.185255032151923
0 153 54.495954595946365
0 160 120.18920431738705
0 161 1.9443802697910353
1 4 165.0488615242173
1 16 96.6698454226361
1 18 35.87836514955789
1 29 22.62161331056727
1 30 130.13504547793286
1 33 22.388847526437658
1 36 91.85447442465859
1 40 91.02137356731635
1 62 43.480170920522895
1 65 18.505970794937177
1 79 17.088426473336344
1 90 323.5125528179829
1 91 12.667237806745968
1 103 65.41968907659421
1 149 147.89725581624012
1 150 19.513347860375333
1 160 29.76495134339537
2 3 63.20482723069571
2 13 9.787651902024713
2 19 339.0775926663692
2 40 20.62580920939718
2 55 134.44630609423024
2 65 25.574601041568368
2 104 229.83013296686875
2 111 66.16477782937653
2 112 98.07424441943222
2 124 106.77545648797174
2 128 126.15561808088839
2 133 42.177385295687806
2 144 12.547942308364744
3 11 187.73505127023884
3 24 136.01326436280675
3 27 6.108444059795239
3 29 0.6703152280286733
3 34 8.95356422154895
3 53 7.5837995569314405
3 57 110.82530627004363
3 61 31.97134774262479
3 78 109.22256217167102
3 84 85.77688624605544
3 93 46.4043575144484
3 103 122.2915169512195
3 119 56.876350273086096
3 121 5.835602375816853
3 126 0.6021703466323491
3 144 49.244403883140585
3 160 30.780881185192477
4 13 206.68190278917413
4 24 218.5251048613144
4 28 77.85475321094292
4 31 106.39018832704873
4 33 36.115230369708925
4 63 431.62604102514024
4 73 18.474184766220606
4 78 15.503157254173262
4 93 74.89033618886415
4 95 296.7044609246234
4 113 98.8843812221727
4 115 126.27230088623641
4 137 47.992833503848
4 149 13.536203036990212
4 153 153.35757187687003
5 6 59.842173077202595
5 16 80.96649701512197
5 20 81.21822354375283
5 30 163.31996754002955
5 32 8.214123622293831
5 36 257.5036727856141
5 44 30.317811314128786
5 51 83.36137946625064
5 52 29.19735966420592
5 55 40.90764137993486
5 62 55.0223845947055
5 74 1.0694560118126333
5 82 1.9600592257260252
5 83 59.689774773736666
5 89 188.82062217502192
5 92 3.228809388218862
5 93 45.855544996903404
5 100 26.372440479302167
5 109 228.2255026522102
5 122 70.27468645675542
5 131 0.4051297774456065
5 132 32.292055780373204
5 157 6.908795366024289
6 12 237.22756350799122
6 21 17.47609442720794
6 31 9.188559246198656
6 34 200.08942998458124
6 49 55.15023612921175
6 50 28.67638048803515
6 84 297.06481934413887
6 95 102.46729704884044
6 107 9.65324833270648
6 111 38.970957792983086
6 131 155.12029480771164
6 134 9.324265120747492
6 140 24.749442993054565
6 156 35.0070379864163
6 157 87.4286727695854
7 11 109.99107128459809
7 15 99.22617044355725
7 16 132.3782668403947
7 18 122.59395180588136
7 22 30.796830127250523
7 30 112.10589978990981
7 32 238.15579786025756
7 35 160.4161673403167
7 39 9.340955026573235
7 44 157.8431312168869
7 52 3.7778845911520404
7 72 128.76051805124536
7 89 167.6669438742258
7 90 21.58677485407346
7 95 406.67568285896965
7 98 229.94281226537498
7 100 50.82471282312113
7 116 29.38540430461582
7 117 90.54257531060767
7 124 66.39696975919007
7 137 175.85669072309386
7 150 31.177921702703713
7 151 33.62492544297099
7 157 196.48482902060704
8 12 1.3983296075671063
8 15 74.89988320711952
8 18 148.60023975896328
8 43 159.57654287012468
8 45 67.94145199289477
8 47 4.197184929127426
8 50 16.263112797200947
8 64 56.42113074385437
8 67 167.002226705903
8 90 67.05457090377229
8 100 179.76981632502287
8 112 95.39341503075795
8 113 55.5530274664866
8 119 5.141365003696526
8 132 247.31055133503375
8 136 13.539081778782766
8 153 51.44634726898709
8 158 14.130649060622847
9 15 86.38073146015226
9 36 358.1883334237318
9 56 305.2604120067019
9 61 79.52049993759245
9 64 63.95540497062337
9 66 56.92586771710426
9 69 80.09413551392959
9 92 27.461292724356454
9 96 280.55189806034707
9 114 39.001788836949956
9 124 7.195589984934505
9 130 73.54256581465317
9 133 352.7510535228653
9 139 135.82677200534164
9 160 3.093961594496444
10 36 14.546130212505705
10 42 9.129442140471072
10 72 55.60098651895108
10 74 57.22984256571698
10 78 58.259809797384065
10 79 1.5713760728113373
10 83 19.21902852981053
10 86 19.23863667453358
10 91 232.06567453931083
10 93 45.94396748089776
10 97 31.189999851353598
10 100 158.28206838560735
10 104 41.25526955094108
10 111 504.31707827624297
10 114 35.10231637001762
10 118 233.35797231974365
10 132 27.51386760931346
10 133 100.70043190288065
10 135 188.47961129876575
10 141 8.081405989310154
11 14 91.85349128491086
11 44 45.14453722448369
11 46 254.09478442462122
11 51 321.46958525158897
11 78 24.94949325616427
11 84 114.79086753021728
11 89 0.5307283915464756
11 93 112.49387980453764
11 94 68.61113863803894
11 97 178.45023997850228
11 102 41.34625191323941
11 111 249.13554766176543
11 128 13.721391253692095
11 137 57.51851821628014
11 140 76.14840234522687
12 14 115.44064964353444
12 16 165.2680144475649
12 26 127.80823030103015
12 30 76.29977147910093
12 33 7.734685305280409
12 34 83.16184064920903
12 42 157.8445633998012
12 60 72.43709456224518
12 66 0.022548413931000898
12 68 1.0203721684388762
12 78 232.8697902477988
12 79 272.45410718928724
12 90 6.7270998004747105
12 94 88.82088686474253
12 98 18.26084719329664
12 99 389.2425969527096
12 104 68.34206233732752
12 122 113.8400979298956
12 125 27.561668865786203
12 146 197.28036865522387
12 157 322.3309865998328
12 161 52.987049703950774
13 20 2.5459669383670938
13 21 50.20062264309717
13 23 41.60062276035184
13 33 16.510904740742763
13 34 87.77337600886143
13 39 285.018978421814
13 41 108.70265905063634
13 44 79.81763627001024
13 45 357.2152162125881
13 55 37.66175283103547
13 89 7.026024676499008
13 113 268.51643239476533
13 122 137.08736425094028
13 141 49.03176994399071
13 144 116.10735684334595
13 147 13.175516625953335
13 159 48.71786023453384
14 15 84.85012673840187
14 21 32.14914286719949
14 26 34.042324442922094
14 28 6.401646054719477
14 31 23.331273845128713
14 49 152.9289572615402
14 55 80.35688756903903
14 89 166.9809489086294
14 93 12.704659677998503
14 99 149.6467935583468
14 103 38.14619527762324
14 110 76.90176421718455
14 116 75.60423045583153
14 131 120.5967201732998
15 18 22.670688803476867
15 24 87.08033651822336
15 25 91.6154005295243
15 35 68.22245547584333
15 36 240.49858347807572
15 39 11.002632620949504
15 42 151.05145129292555
15 44 3.081290258318196
15 53 83.35390527467789
15 56 10.17049352558814
15 73 150.69508284740508
15 75 63.73585857596035
15 83 7.143509352578697
15 93 170.54675705560695
15 99 184.08842125479015
15 114 2.603277180381062
15 133 226.26571326187118
15 139 71.90364416225172
15 145 102.84798641786699
16 19 18.983880497128997
16 35 489.9387492995969
16 36 15.122283302410235
16 55 57.76515998489459
16 61 33.76359275091845
16 87 92.30425507485295
16 95 125.59158475216013
16 112 3.9865639230573655
16 130 18.711711241864265
16 142 89.1391738123517
16 161 4.500488518973939
17 19 148.7569037355804
17 21 3.5198174833459617
17 72 35.91018527307048
17 85 155.48738646986712
17 156 4.268445359314969
18 26 242.4447300105958
18 27 5.1805595326640725
18 30 25.73692001247082
18 33 10.462499653100867
18 50 2.9214015048205133
18 71 16.093669977067506
18 73 31.860561765682387
18 95 93.87939176158253
18 98 168.4757218269164
18 103 17.872008419341668
18 114 47.63883226476451
18 115 15.27092822274903
18 120 14.016497314441203
18 122 0.9561519460584019
18 126 20.538517581964673
18 132 9.068859558721766
18 135 41.45753601402327
18 136 15.918864514627412
18 137 34.94143886179473
18 146 119.72345820506094
18 149 55.07902940704811
18 150 73.00901757075023
19 28 50.29809070480733
19 38 55.0793984885076
19 42 109.50122323546579
19 62 179.69776594484978
19 75 2.449655710455808
19 93 90.54678524610904
19 97 19.03498736668279
19 103 75.59290915799974
19 105 126.90650345563805
19 116 227.80878006637442
19 117 22.15471130004109
19 119 55.727921748746844
19 132 159.35308957865476
19 135 13.28569793748963
19 137 15.9652142257286
19 149 71.68543397408128
19 154 9.335883217319
20 29 78.62777708567482
20 34 89.30660754187686
20 48 22.029512496272282
20 51 156.0480351376849
20 71 77.60329625756114
20 95 143.46321272838156
20 106 64.51644407168749
20 111 33.452517014556705
20 115 15.757198008599662
20 116 94.26509134876628
20 120 60.73498367562662
20 123 71.30831364480758
20 126 23.710250277675783
20 133 5.0838667795721655
21 25 32.82145197676549
21 29 44.17851024876743
21 37 73.9736761922547
21 41 3.8256601041888993
21 48 24.618235071418955
21 62 59.717811184203626
21 77 97.56164737191705
21 89 61.2056455951553
21 90 30.731712327065974
21 93 30.680727760534936
21 101 12.134275715286652
21 110 56.034180839169075
21 131 6.74991176317596
21 136 25.571770240388187
21 153 4.377420172048483
22 26 174.38835295989287
22 30 53.10235845380302
22 47 8.624975056985475
22 57 226.77914694107105
22 75 73.75997285471982
22 103 36.93378866551331
22 105 19.872573734219394
22 107 63.802415609365774
22 120 42.22290583973519
22 128 21.3545743958645
23 41 433.3909081663218
23 44 60.74056376998607
23 46 33.97549625078481
23 48 101.78892574372551
23 49 216.30472628753776
23 61 82.98197530430409
23 74 55.07541202682411
23 75 116.89341252723106
23 113 113.14072925214118
23 161 146.5430840369965
24 32 108.4724181498665
24 36 45.73990851071772
24 44 127.73540540834274
24 54 18.578353110060277
24 91 223.28088308278927
24 102 230.8139646669387
24 108 371.5067818653053
24 118 115.66805361265365
24 125 43.33859570580521
24 142 17.898044980333427
24 155 65.1603417710765
24 158 594.9735635505755
25 29 56.097258227471784
25 42 35.66464273563383
25 43 68.91356606754808
25 54 10.776753149614438
25 78 52.88908180298442
25 120 76.49203275853584
25 149 80.9821294493925
25 155 81.77208680841534
25 157 155.11878327465396
26 53 7.85004104737765
26 55 42.0767260239456
26 56 375.60225251084375
26 78 33.48798043927884
26 86 185.6797994753144
26 91 251.30813222917288
26 93 335.0537159088844
26 94 33.06484025513804
26 96 377.4929647401353
26 115 19.9315726849233
26 123 24.28231805892196
26 130 170.59739748881853
26 139 52.33184300216399
26 148 54.49598579123793
27 30 141.74075395916182
27 58 114.6564713640779
27 64 63.667458183181786
27 81 89.9958282943547
27 88 21.613626188916328
27 100 31.8994920323916
27 114 153.50076871709598
27 115 229.7548147668732
27 123 6.398032605956574
27 140 5.770898407855326
27 144 83.72783179008889
27 147 45.05243269358739
28 66 35.41873762031487
28 68 3.689591282474103
28 77 5.479360210561164
28 91 78.14250313812857
28 112 63.448318988581285
28 116 159.09026865020465
29 31 39.48318188563061
29 37 1.4392194067673807
29 45 15.40704862730039
29 71 71.09325772029439
29 77 10.714947823539767
29 78 33.41338666764175
29 83 34.96358493384653
29 99 147.7216051239465
29 115 3.3081764371514466
29 130 148.8535407978624
29 141 65.08310793573568
30 48 53.56724101478604
30 52 56.6931194549224
30 69 126.76269615784992
30 71 89.59786712096225
30 72 28.790201874750533
30 82 524.1401420563552
30 95 58.09208338670317
30 98 147.17686271940465
30 107 134.46218261448547
30 120 15.325382572054812
30 157 70.85500635629951
31 47 28.560874359040497
31 54 137.56854457426488
31 55 124.85401784933534
31 65 181.41460908328656
31 71 34.34262015146344
31 88 113.07104581115632
31 100 22.618876279333215
31 112 4.685812879173453
31 114 17.933011081505022
31 122 96.92564800263501
31 128 80.80967049698698
31 131 71.76151382151994
32 52 150.77528761624103
32 60 3.392617583924941
32 89 15.170099514991252
32 97 75.4913563426525
32 117 57.99649429506667
32 133 153.71467171785983
32 153 17.403756378382177
32 156 71.60672707295059
32 157 4.49433722423778
33 45 111.9413093059366
33 46 34.490508752229175
33 51 114.35019409908104
33 55 119.9599625855734
33 62 218.48306929992486
33 87 55.53948450524299
33 91 17.789700329660096
33 94 365.78312551097036
33 114 72.00315058097982
33 118 32.88182360376711
33 126 60.33329574683671
33 141 74.18748702693131
33 147 12.321409729103511
34 60 140.57782201672407
34 61 135.23419785340286
34 65 18.83791437084586
34 67 55.16661917757471
34 72 1.7057019510739606
34 91 64.50701782923808
34 94 11.096943051936572
34 116 1.7249582907524017
34 126 70.68353927902852
34 132 168.64314087667486
34 135 25.840198636303146
34 140 12.995572763232866
34 152 31.497882186080844
34 154 198.41418881375134
34 158 224.28971033941505
35 40 222.66095356375519
35 48 18.6064423203838
35 52 25.122035456468268
35 69 10.903755575556792
35 71 28.719792363363837
35 95 4.830291105357377
35 98 5.102504860309725
35 103 27.8449270477501
35 112 107.49461445683583
35 122 402.2396454494657
35 124 174.3235714644024
35 126 12.163777750638666
35 132 55.42326116823367
35 143 31.45504614962634
35 148 66.86539659910531
35 151 16.64482817159225
35 152 8.945066703772596
35 154 44.846505605768556
36 37 29.497907679300024
36 51 139.88508739259865
36 55 21.471588906372467
36 65 15.055517290939164
36 66 23.169632082038284
36 77 90.70426101340671
36 103 15.901932337035623
36 108 14.210163884114364
36 112 307.3431523749627
36 129 44.03887638818656
36 130 26.441308743376474
36 155 30.085565850962848
37 39 28.555889561237965
37 45 155.81114460599304
37 49 13.636186358215465
37 68 75.22707748288508
37 93 38.98449382672375
37 112 139.37021705934472
37 117 63.46081684949645
37 135 373.13757827565945
37 136 137.191451323476
37 143 14.664467697526199
38 55 3.4943145053901064
38 131 101.30908135768841
38 142 0.9460631544398439
38 149 63.875390940913704
39 47 19.45880860151529
39 58 16.371117942077095
39 62 90.93693945113085
39 74 105.90962775217241
39 77 49.34242404785529
39 79 67.61154487581518
39 88 25.3361340333848
39 102 1.5767547335709007
39 121 92.84938217210765
39 139 67.84507726401212
39 150 41.79497002130089
40 54 14.637638644165383
40 71 9.597232614448625
40 83 24.532341689840266
40 91 113.91475156608837
40 98 47.20739904823213
40 100 6.520134120367346
40 107 96.3885259128805
40 125 66.22621011525851
40 126 49.20648283847403
40 131 16.78483951097523
40 134 25.76723949722313
40 136 25.178384896512966
40 139 78.64356152407815
40 144 109.09970342372954
40 146 14.452812127422986
40 155 103.58092353940397
40 159 9.540177402436493
41 59 26.90307586622925
41 102 64.66269376693886
41 108 172.4111289151176
41 161 104.26449449368862
42 47 25.770437289735735
42 63 0.3204742221263452
42 75 5.877647837404951
42 82 24.16862182408896
42 97 147.2379359926513
42 110 63.160494840888276
42 113 14.25419676081512
42 120 89.09798611664613
42 129 8.698916992579932
42 136 54.4887800642832
42 141 27.605263849735373
42 149 12.10042817586871
42 157 134.41210230038158
42 161 344.9684464785554
43 54 175.67938219533957
43 66 25.49563616657376
43 74 159.57106825125462
43 78 28.180148674854138
43 82 49.065830846491416
43 89 75.97283081794797
43 93 207.94644206081145
43 94 18.41235363501197
43 95 183.05531880703188
43 103 31.55100559393332
43 115 47.337605390512536
43 117 118.43983955815041
43 119 56.66313571027144
43 124 32.987827988378406
43 126 54.3694180518528
43 130 88.67323127281274
43 132 150.87310154305004
43 149 281.9943837268802
43 154 61.09409286681647
43 158 162.74003909021175
43 159 35.67626037236224
44 45 3.451118011567129
44 55 142.03439579907396
44 59 33.597665857638816
44 67 70.82003656198529
44 80 14.757325949633648
44 91 523.734563660868
44 92 134.88640646038235
44 94 4.751193580654288
44 100 24.348196135119835
44 115 67.72411876989099
44 116 19.78468398902619
44 125 107.53163606419625
44 126 94.7049856953324
44 130 82.88442620011887
44 134 50.166146759098886
44 135 24.618571998977874
44 143 77.89514632365251
44 147 134.2366666157945
44 151 208.728551007838
44 155 20.07575110992842
44 157 3.585816699390068
44 159 15.64767651738398
44 160 136.34325910590735
45 49 67.6616235304001
45 56 67.40433302256598
45 57 12.26091332665512
45 60 123.4044683560754
45 62 1.3389852681445162
45 65 60.24310868479227
45 83 68.32833347810511
45 84 35.12442624661848
45 95 57.33933033018758
45 97 79.05061795085187
45 117 52.701120847035135
45 134 70.29789992425353
45 142 157.05872946053094
45 145 265.0749379736686
45 149 99.19989389830411
45 156 68.77181166778115
46 48 3.3821111761772373
46 49 3.775432121202867
46 81 11.572411175645602
46 88 22.147931480550145
46 89 117.58012422434264
46 95 58.95365618874293
46 103 60.27774785595545
46 104 18.620889639482424
46 151 11.885990921221566
46 155 115.6542770807609
47 67 68.34213058170033
47 70 49.654657238868964
47 91 133.9850993098501
47 113 168.93319976721023
47 118 204.33804326440372
47 126 87.43422076403249
47 127 20.46723434730255
47 136 141.32781480729776
47 152 49.006986376945264
47 154 23.797677914322676
48 59 166.0508096902368
48 80 163.63073025175441
48 88 261.6506694830556
48 93 238.5632759100796
48 123 217.91196118274414
48 141 56.71118416508125
48 147 56.637597668267546
48 149 28.34395289651234
48 153 16.594004672502766
49 62 57.97013234309861
49 83 34.000243115180716
49 85 148.34025338951236
49 88 1.9043540807570367
49 101 11.01338465596126
49 125 84.07998015890456
49 134 36.2435982171503
49 138 10.619096793772306
49 153 69.203037756481
49 155 140.05466075373462
49 157 1.324502328238974
50 116 79.11134877755147
50 131 139.28295017069044
50 135 15.950582087726124
50 145 2.5935596315863108
50 149 68.60608605334018
51 52 75.02957131654722
51 55 2.3783048711690866
51 59 154.0526692505071
51 60 59.29081279725365
51 64 21.02669829858261
51 89 54.81455273523603
51 124 79.01411348570534
51 128 34.04869429947168
51 133 9.451935568112576
51 135 74.881835027456
51 140 20.37660683331447
51 141 103.79881006195463
51 142 57.57471489103816
51 146 39.31544700102594
51 159 208.7868562729959
52 57 3.831083168765301
52 64 5.5188278565877935
52 77 58.80753650671007
52 80 22.524530059565674
52 91 154.1818502554056
52 92 4.645020277396876
52 102 151.89021827477643
52 132 98.39303491672128
52 142 31.370729296062347
52 151 40.43123109151709
53 69 2.9431642284590374
53 72 226.61309429713359
53 74 0.8571269986910158
53 92 33.402305739798045
53 119 89.30755720546642
53 123 17.915509368564926
53 127 12.603637538932444
53 129 78.20915349829092
53 142 4.598398111354386
53 151 14.506904479987666
54 59 113.48619496473127
54 64 65.76259329592466
54 73 2.1956731759734547
54 84 19.284050431488268
54 95 9.70168456813214
54 98 166.42715304617155
54 110 180.32397995098137
54 132 106.62110197331273
54 135 88.87672996875007
54 138 19.291688794219414
54 157 33.06044872850501
55 56 48.95702452865987
55 93 11.857221454327046
55 104 146.04432317560173
55 115 172.7911949677623
55 119 57.65737065963181
55 126 281.69776771451944
55 139 140.23942842113573
55 141 372.74594046793027
55 143 98.52729069034699
55 148 29.25194273137387
55 149 86.3518718462257
55 156 44.90045353684433
56 61 119.57806465429356
56 86 175.98663298264623
56 106 41.540056487542024
56 118 154.6844817078743
57 68 74.02296672225712
57 79 10.085200784556948
57 84 14.35680237935967
57 87 85.35349223507023
57 88 68.63924229702907
57 89 219.05293666777553
57 103 45.87836171441942
57 105 74.92836906068527
57 121 12.231044430019365
57 122 2.598421365301811
57 124 385.0650301329047
57 133 71.25036042470538
57 141 85.95704088339397
57 152 3.0824065016333617
57 161 213.69711629275457
58 85 35.25228182612112
58 89 212.7128294797521
58 112 311.3080313158555
58 125 2.111728365213261
58 132 97.04428548814515
58 145 35.98909685687001
58 149 61.09729790537154
58 154 46.3122332439993
58 160 85.05981875820255
59 63 134.68592125276166
59 71 30.427534928622812
59 73 316.03812358750054
59 79 294.66869722931534
59 85 219.31021616160905
59 87 75.82795692768477
59 102 1.3777274720457995
59 108 75.8770831113473
59 117 363.3884662072497
59 129 202.10262562941284
59 140 189.35199148537544
59 153 71.8798486153561
59 158 216.83836959990072
60 70 230.33791365944245
60 79 14.926395711682027
60 101 97.22431223255323
60 117 29.11964316522361
60 127 239.73925980135292
60 155 114.1508133717631
60 157 143.42884028795518
60 161 70.62095398683672
61 67 5.139709782018748
61 85 32.922784240166735
61 92 21.614197069123772
61 119 0.8656830995029695
61 134 24.046370409951997
61 137 98.01445509524206
61 144 56.08892459812583
61 145 85.77754940181153
61 148 69.70505633720987
61 149 139.84658795835634
62 77 133.09068524966557
62 114 157.14009561776544
62 121 29.36986544249348
62 124 9.443087097926679
62 143 71.03318329825412
62 157 65.1518597985065
63 64 73.01257033580606
63 68 41.23021937008127
63 109 115.79304623717681
63 111 14.148417521083775
63 112 66.89327809951686
63 113 16.177354077641187
63 122 131.86013794182745
63 128 36.17758857617682
63 144 88.14032993759133
64 73 94.94876943198526
64 83 41.646749834570656
64 92 60.8911899093353
64 109 203.96624342385306
64 122 11.265994918919132
64 123 30.6291306924883
64 137 82.75982801155948
64 146 119.87143520407307
64 157 28.145890771135345
64 159 26.61613004242631
65 73 181.07122034621307
65 74 23.886807080909147
65 90 136.5461764706072
65 95 115.93113849960065
65 99 52.06199361437378
65 120 18.589676491302374
65 126 17.138776285340054
65 128 23.091957740269265
65 132 68.85823835239079
65 137 71.16092248887959
65 149 100.67027981744371
65 155 17.348256382212178
65 157 22.7281228949098
66 77 116.24624087493541
66 90 205.593024928199
66 93 60.064367712909736
66 105 5.760158362134005
66 116 64.8817582015459
66 121 68.31104556282637
66 134 26.640298977546436
66 140 150.00405419086644
67 92 27.28359502143926
67 125 5.545956196879945
67 137 81.4709415646121
67 139 70.55931871149666
67 151 153.8691532969822
68 77 1.3934416878272882
68 84 239.55770949613085
68 93 161.10253613566573
68 96 34.34440795295079
68 112 45.91091781178403
68 114 19.47064090097442
68 117 119.75440622173723
68 124 3.390879041189232
68 126 81.7029968132329
69 74 16.983408238217667
69 80 111.4890413799987
69 83 18.198964823180088
69 99 49.05385673275019
69 100 24.53202958076848
69 119 0.8311228742068241
69 120 100.8715338910045
69 128 65.05103540973433
69 131 67.00236443425833
69 142 4.80220843955462
69 146 168.97696082373665
69 160 9.367864279566529
70 87 58.567114614270075
70 112 242.4979095165033
70 120 15.685496792469515
70 126 23.880444035424354
70 155 3.8175289604450726
71 84 229.54322901453676
71 98 50.235774391086366
71 106 74.10596400420486
71 117 22.65610319258664
71 124 99.59913368856711
71 131 39.466922176014016
71 135 43.412971182735966
71 157 49.0126095846679
71 160 50.3332322210525
72 75 99.89964428378366
72 93 140.71394728867674
72 104 19.93691320052877
72 117 142.83502402377727
72 153 54.24697438040148
73 86 82.47316132847588
73 97 44.88488511061207
73 108 11.239529607988404
73 132 16.417733195534716
73 136 72.05885521807035
73 139 153.57038116515133
73 146 296.213037398526
73 150 114.89126937776086
73 154 80.98741197602807
74 76 95.58164290145967
74 87 60.83600244916787
74 94 24.856708113212022
74 101 164.41216091716575
74 110 15.362665481699754
74 117 184.7694968759945
74 154 20.05799884455202
74 159 8.535295991065658
75 76 162.76941711993214
75 80 184.92008859385336
75 81 23.012694507151387
75 93 79.62858183984423
75 115 169.91550868329836
75 124 117.26244651472278
75 128 124.63900549566497
75 131 37.06384634204068
75 142 26.381626471164793
75 147 42.803693858023244
75 159 271.2479127971542
76 88 195.47983799116287
76 101 50.44553860151916
76 133 64.17304535224946
76 137 714.7008562924849
76 150 29.681040925913518
77 81 0.880490297382752
77 84 320.2207664312088
77 94 41.8632914698992
77 104 74.69860680224157
77 106 33.57094913646905
77 110 86.45127362655636
77 111 1.1528615814267866
77 117 198.32332218375268
77 126 31.920219846224104
77 131 40.192809208902055
77 135 114.78374519555584
77 137 47.09389270846185
77 139 192.1173843588066
77 147 81.79137797550203
77 160 167.75767559152263
78 113 29.890313866534363
78 122 260.45387426662546
78 124 22.449854358430326
78 127 105.50276475360123
78 128 51.612455809360824
78 135 24.61982891502535
78 144 3.678046346868918
78 155 67.45594234557603
78 157 90.591794236256
79 85 23.150903147219026
79 94 102.03592525001561
79 95 36.325419221437286
79 96 95.27613810062456
79 110 69.55170514261526
79 111 117.50343569981949
79 117 14.686951130185593
79 118 35.59215837151666
79 133 85.06158397580117
79 140 7.9286877313410935
79 143 20.674455979114928
79 146 274.7698826082712
79 148 152.17339878277863
79 155 65.19875696331673
80 81 26.497379728508108
80 83 53.439634473669386
80 93 13.404752704884832
80 94 154.63061441761994
80 111 300.0694159742495
80 113 72.98823330862197
80 115 110.82692175812397
80 116 84.05283204525422
80 124 106.74271062758184
80 139 451.87013850400854
80 142 6.252689042087873
80 153 147.6627698996766
81 82 98.95394117411931
81 88 49.617577151141255
81 100 35.79811209007974
81 112 20.59622937981083
81 126 11.459549978563835
81 135 1.4919133306474497
81 144 111.24239958586918
81 147 5.694514034852064
81 148 138.61525286984588
82 93 60.0589375461903
82 115 8.148482862143869
82 123 1.5901077948227698
82 130 169.0911171952348
83 89 110.25069457812535
83 100 161.61647838333778
83 103 42.383463677856156
83 113 5.101749774163163
83 115 255.65458568202263
83 119 25.643114402160986
83 128 86.92156453604743
83 134 53.94198075106488
83 140 18.46786615983425
83 145 45.834656767250024
83 148 85.94586169036107
83 150 64.78927235562598
84 130 36.61702122587666
84 143 2.3973649072044365
84 159 117.11183583675766
84 161 41.91844877573621
85 111 22.625590003746566
85 127 127.2866940855168
85 134 2.3545043691948226
85 135 62.96624546162833
85 146 38.17234257227738
86 95 19.69742581722436
86 99 58.589625931168044
86 101 84.22463303029522
86 107 24.400804541661618
86 116 168.82245273900662
86 120 65.4655367654566
86 123 17.3818597415273
86 134 141.64018542776574
86 135 53.46376654217604
86 146 27.740312675036158
87 88 41.19456055626271
87 89 24.426069437509963
87 92 4.240301363194739
87 104 19.853611129824113
87 113 159.69502617867573
87 114 265.7441684790126
87 126 88.43304982225591
87 158 88.20227899883744
88 94 113.36421771112016
88 106 68.38952269397554
88 112 31.740171767792013
88 117 5.672343242857536
88 128 171.42167420303076
88 133 47.81479192099689
88 134 14.337496326434247
88 137 53.55971266152133
88 150 53.27610676107646
88 154 22.823155105263435
89 100 20.909708835521382
89 124 155.4459768576358
89 126 59.7203171776192
89 127 74.2655923889556
89 141 60.21940646892291
89 144 136.96439376896595
89 154 75.74800143160618
89 156 119.04204633837858
90 111 109.41037526435574
90 112 285.0206184691163
91 95 17.248246147729052
91 103 390.8406989332367
91 110 207.96816112442
91 125 35.68834399863584
91 141 171.11892863838986
91 153 110.45244918721086
92 94 34.10432847599313
92 110 29.77463854061703
92 116 48.25617610295244
92 126 52.45577984221651
92 135 163.9352500216893
92 141 4.777943984136331
92 153 0.2517752270444689
92 156 36.60996629224782
92 157 75.99733582321622
93 109 133.63509239072906
93 122 28.300890667320004
93 136 62.70170410826304
93 141 208.45193740064522
93 142 37.23575621427159
93 157 53.643410213078205
94 95 66.51563800690151
94 99 46.66695310985281
94 102 3.8342474928093204
94 103 132.19906732766952
94 112 86.83373590089262
94 126 36.147788848290574
94 136 57.30623367975101
94 138 3.609775997471313
94 147 165.9051754955524
94 150 3.5210074058312077
94 155 291.0609844626795
94 157 59.3421988726111
95 98 188.43418703856128
95 107 137.86179996187104
95 113 52.585486345058854
95 114 0.7705636050784775
95 117 61.46219199753849
95 147 10.709763070600658
95 153 57.17171923427059
96 113 4.053833026631149
96 128 55.69288229805746
96 130 24.930978036701564
96 132 101.55462807770226
97 118 124.15929623874806
97 148 124.75613992871293
97 149 18.079648479008213
98 125 105.26046388345401
98 127 29.79576512497142
98 135 383.53073687772286
98 136 82.95681141623429
98 143 25.747837849974264
98 150 41.019437113555895
98 155 78.1347802042582
98 157 7.760840685435853
99 101 10.75301278365205
99 110 4.5643880177359675
99 111 29.02231372455173
99 114 0.3602465818370156
99 124 62.121703401067734
99 125 98.31202519991992
99 126 15.906245742355846
99 131 74.47423929065789
99 142 31.444126558852215
99 146 93.94244594332609
99 150 23.865591644905972
99 153 41.27101081631664
99 160 32.96882719504787
100 102 39.36573039578964
100 126 163.4469518113782
100 132 38.262089265115605
100 136 54.9705349984183
100 144 12.117886118674283
100 146 40.94518089948984
100 157 25.175274512368425
100 158 18.61375365024635
100 159 72.11386878913726
100 161 23.741739212166205
101 149 3.7059678671361254
102 108 11.930591309278944
102 116 11.435037202321382
102 135 123.78459219620451
102 144 70.19770415408234
103 104 172.29035764975615
103 116 6.632005434422115
103 119 23.73813721341829
103 122 9.803018316836418
103 129 10.132754015529859
103 135 223.1900207908621
103 145 160.89206746685917
103 147 74.39334310375618
103 153 142.69648125343213
103 154 26.488735492193992
104 107 0.8159104729267986
104 111 185.90198325170596
104 130 76.64115681714188
104 137 28.404814568277637
104 141 41.32719372176087
105 109 77.92403284356223
105 110 162.46595606422224
105 121 77.22619500663984
105 129 2.1653932595718977
105 134 364.5006753727378
105 135 55.984620306919766
105 149 198.5852251275125
105 150 66.89479117053104
105 151 104.60057039116083
105 156 150.25815959430062
105 157 21.772715286750906
106 119 74.62416720703395
106 130 27.432822299620746
106 142 35.750204158193185
107 141 295.94004758631377
107 152 45.05041477970108
107 157 187.7874934849203
107 158 59.45893794165601
109 127 10.909451189773476
109 136 131.44500056585443
109 153 16.410508809600643
110 123 49.07131422817609
110 129 277.65619198553054
110 136 132.03130042908185
110 151 120.6665312877976
111 149 71.09068580716557
111 155 24.721301614448635
112 126 45.385393068245044
112 128 10.424444131564611
112 140 105.16427433064605
112 144 13.9388071748234
112 153 5.523409119060413
112 159 11.90252528096496
113 131 8.158077616529491
113 145 64.69253822126537
114 119 26.842468932717885
114 123 51.06063609212581
114 124 73.49011469455054
114 140 18.07004499986734
114 154 144.01483457545723
115 124 36.94029012470623
115 126 165.93100252730662
115 131 28.178890910186706
115 135 47.260441262978574
115 137 215.61899257501946
116 124 230.70034604342914
116 159 7.473401275914702
117 122 13.01020600782355
117 147 194.15397132188988
117 159 60.26557349524823
118 125 131.61991576312093
118 126 42.38546398155574
118 127 38.51085634692559
118 131 307.0618632989747
118 132 77.41942126484453
118 136 71.01702660720552
118 143 31.7770560416398
118 155 31.081144369279663
119 130 43.43881937818159
119 141 86.18658946068486
119 153 31.723125541226054
119 156 114.52991808360493
120 122 66.38413901051177
120 132 23.764090558489094
120 135 86.37055775844203
120 145 115.56049208974339
120 155 93.32701544698767
120 157 19.185154432427545
120 158 197.64475044737364
120 159 15.514381993742267
121 133 55.68396339251104
122 123 87.51893262492058
122 124 74.14080096072932
122 128 95.88077061371827
122 139 115.1927796181366
122 143 55.38359414407373
122 154 146.18608035081172
122 160 96.10462638165167
123 130 81.47045924087493
123 139 45.80428806180815
123 149 14.448241953826239
123 153 37.89901989646896
124 129 26.203683306767136
124 140 23.93544216293535
124 144 71.49751889391277
124 149 111.96404200973188
124 150 7.736650167280722
124 155 9.747888572331117
125 126 47.6435731196937
125 127 65.29128251245935
125 145 122.11942784766502
125 153 14.115390385124105
126 148 39.87564359866668
127 151 198.72471495336376
127 154 313.59675009411376
127 157 63.26749565857675
128 135 28.736634760178443
128 154 6.710105442020599
129 145 101.67842998065984
129 148 139.0357028509747
129 151 79.97477746674298
129 157 77.90472369257475
130 145 9.882731521655892
130 149 110.14519975911122
130 153 23.897373797004807
131 142 30.10528946483873
131 155 17.39563728607618
131 160 180.42605458889258
131 161 13.210135143423873
132 134 17.22809774230071
133 137 12.075139611934
133 148 40.39757075288538
133 157 188.00175698292045
134 151 35.74642515741973
136 149 15.4078947993232
136 150 72.02123253324524
136 155 25.997346962449676
137 146 85.77927528718249
137 147 36.95406583666689
137 159 8.539184820042022
138 151 153.98461803113995
139 154 79.70217772960875
140 153 19.940218593557997
140 156 17.757281404931025
141 159 14.385017192661191
142 154 143.78121656510922
143 148 11.285707675200824
143 152 4.799085311456772
144 148 179.26393915441952
144 149 0.33649760265241635
144 154 6.057936194588093
144 156 57.71451206458243
144 161 48.838518779864835
145 151 58.53193032032567
146 150 6.562876758876199
147 153 118.76056230778329
147 157 144.50486133517498
148 155 11.885186653661332
148 157 11.020327274217623
149 157 8.891552956125748
150 157 77.9097528768373
151 156 56.53103966158162
151 157 264.47431162239104
152 153 25.452477320069782
153 157 9.332142965011391
