0 9 44.96266918360162
0 23 5.7320359710525155
0 33 83.28726657663081
0 36 44.746107149048996
0 45 88.32540538352319
0 55 223.3192470527226
0 61 28.11424244298183
0 64 34.415819242228814
0 67 3.3351030142908575
0 70 86.17444459918498
0 73 266.26688056846234
0 83 179.62758324713988
0 86 145.14569798444552
0 95 17.266693266855384
0 96 46.94607210981487
0 115 170.9117624888498
0 124 88.21098691536982
0 129 7.921512843455202
0 131 236.2953511720703
0 132 203.84610926443375
0 140 67.46253679035401
0 149 26.00687095227119
0 150 35.608793325959574
1 18 21.17896295625349
1 21 36.18805194023116
1 63 154.5336420986268
1 67 56.21900681197113
1 68 479.4411260209145
1 81 7.177833424248044
1 82 31.24809370743061
1 83 223.33903301422845
1 132 143.17504101582912
1 155 38.56255645940925
1 157 10.69404070850981
2 7 8.602054065670067
2 11 65.95616512091372
2 19 4.830198582451777
2 25 25.73103507018364
2 36 28.39889375379473
2 53 7.08505823498647
2 63 210.48395637628954
2 65 53.11572279257153
2 79 85.63223870136619
2 87 76.89936798266659
2 99 9.938502236921833
2 117 27.800897162857837
2 123 37.01312473865038
2 126 44.13695474393756
2 136 267.4054794787543
2 140 169.28828704409676
2 143 63.591421238120596
2 152 33.52279358149324
2 153 45.43437445175129
2 161 21.61341583161787
3 5 118.7958622213731
3 16 6.286197426167386
3 25 172.69580425609317
3 28 194.04314085510475
3 30 25.84579575058976
3 35 5.706715865391583
3 36 85.65065818505286
3 44 160.65932517460172
3 45 45.35233843614579
3 55 552.0368115776663
3 61 13.359754200357736
3 75 207.75267334136186
3 92 64.43794580534014
3 99 36.91202753138149
3 100 118.82041038322554
3 104 142.8253148624985
3 117 258.93318426506295
3 129 16.467838413518784
3 133 319.21157300488994
3 139 114.96296652097386
3 140 102.61756258270643
3 148 29.889057298254556
3 154 167.5983806368502
3 156 26.334145229988422
4 15 9.038392993117801
4 17 61.762868735007565
4 18 5.2626777125206905
4 31 57.01800371734158
4 34 44.250353389614396
4 44 31.982468615336895
4 63 35.07486315692746
4 64 150.9065007976731
4 87 66.63449729461556
4 89 328.33288420780184
4 95 11.47262249103918
4 104 3.954226508727249
4 114 20.23520996016051
4 122 50.91469976167073
4 139 178.89314084915512
4 140 3.972217640506722
4 143 31.637572829014104
4 144 51.82194900763425
4 147 238.78207827887667
5 9 193.34583765630046
5 15 140.64338623425616
5 19 158.69802465935066
5 36 0.07995879943516944
5 42 68.08894577662198
5 44 22.73431291132246
5 45 28.516213033438024
5 53 12.539364274684996
5 61 14.323120652716037
5 67 24.09699076086626
5 77 0.8231458307379734
5 93 28.83722653748331
5 94 57.55717334324923
5 102 96.07763296362509
5 110 114.6448809996363
5 113 141.68484226223117
5 124 14.586790874986855
5 125 17.037648117067516
5 150 122.75667746126088
5 154 1.0680273792539074
5 158 173.98996287334487
6 7 8.644827454234463
6 15 53.20634271518699
6 19 47.001071778001766
6 36 98.45437740467779
6 40 9.61994920059241
6 43 177.8684267455273
6 45 227.49282867796745
6 48 26.00219077993123
6 69 32.58187433828385
6 77 28.559046218990044
6 80 34.86060268049814
6 94 22.00443093377392
6 112 175.24416602421473
6 122 19.905160548728375
6 128 209.19055242790836
6 147 7.354061840364622
6 154 61.753875492726124
6 155 17.80894503602122
7 12 54.01228179713828
7 13 130.6038939427514
7 26 5.34412433979595
7 30 21.535068353062467
7 35 76.37351667443409
7 37 85.27129965029498
7 51 149.29677723138138
7 63 42.496078971057315
7 69 13.360699601738391
7 71 21.052515675832787
7 87 5.14697379832502
7 90 202.5266271894738
7 92 59.36696603294485
7 117 79.56985773177372
7 118 49.3316694710202
7 125 20.58890531424167
7 132 39.09450988338343
7 135 180.43263649490447
7 136 37.786512782564444
8 10 127.20310520602119
8 12 40.00913105754084
8 21 13.537671267635377
8 31 10.024201534331093
8 33 97.12975358783046
8 51 68.54594026826682
8 55 24.87563588870312
8 66 100.08219303293798
8 78 76.57311305288717
8 82 9.47446449158501
8 84 301.7594638605465
8 89 26.437157416395234
8 91 7.3219148528056275
8 97 110.98952784300877
8 106 232.37186614486006
8 111 42.88856011441533
8 120 121.97055540795547
8 122 94.33397156595998
8 130 136.76898047685435
8 137 0.822923015085488
8 141 28.305580750123685
8 154 225.71510357358943
9 23 55.28013953654006
9 25 21.000642068503243
9 32 17.459968230474388
9 36 116.54531763925931
9 50 79.72073815177008
9 54 56.61332953177675
9 62 66.99225606378701
9 67 119.79630798875553
9 78 10.963970190206496
9 81 55.55411508902737
9 106 13.771810612323778
9 122 62.43233939806112
9 129 176.94823706981316
9 150 13.767125658319099
9 153 10.785954152567694
9 156 165.3165261133555
10 14 3.855745439264195
10 16 3.116903198369169
10 18 53.14826553538874
10 19 32.45057244074516
10 47 23.453915634298816
10 51 25.504197749526806
10 54 31.61113108054745
10 65 128.6624157473061
10 67 93.10326435372504
10 82 71.73601653444985
10 88 45.37791358250426
10 98 39.74822691075342
10 113 148.77508094798176
10 142 46.79336245536269
10 146 282.83398620518807
10 151 39.603510326594765
11 38 46.39770649993438
11 61 94.13988058863437
11 63 308.1273838858269
11 68 194.7381597885121
11 72 43.73438773434961
11 91 275.8128564373401
11 96 14.438408725611291
11 98 41.437928288355806
11 108 9.708094357122265
11 132 41.51687110739958
11 136 30.92277046582917
11 138 83.35967586731701
11 141 25.724291899126733
11 143 219.80403538788278
12 14 25.003569329668164
12 15 8.167319733154336
12 28 73.51429409103496
12 40 6.754987330677149
12 42 40.70511675033144
12 44 141.5137715392231
12 52 90.9432342177835
12 57 102.15484137164091
12 63 12.49602014954339
12 65 191.21503175448046
12 66 42.89657061525303
12 88 2.7183125922915985
12 93 64.60809801403106
12 104 261.04430009016727
12 106 414.37673038812216
12 113 11.136361616952438
12 119 22.657424327202467
12 120 32.60998190640076
12 121 481.7150466968589
12 131 9.149775257129487
12 150 292.6723712153303
12 153 96.60206453053976
12 156 184.78068430961434
13 22 47.828562316216576
13 25 78.96200178245907
13 26 30.963432183896185
13 31 9.178117124587791
13 32 2.893749202262868
13 37 80.55662053495486
13 42 233.77422175999214
13 44 82.61026944185699
13 49 18.736069096491516
13 50 23.235190727126557
13 64 115.68642312304713
13 92 57.07381440254404
13 94 209.5030217968397
13 95 109.63992305396329
13 114 14.103443398046023
13 116 108.32195658939473
13 117 62.077858452783545
14 29 18.574977263535253
14 50 3.9608917610008674
14 55 127.51091668654671
14 66 15.724271929546836
14 67 3.9459025578067846
14 80 1.234825901939697
14 91 144.8864243505382
14 107 62.48227263106902
14 122 33.30600557174614
14 123 66.39621287323398
14 142 204.42395880323178
14 143 12.245864557682932
15 20 17.686808166034254
15 33 53.76577830845237
15 44 20.67553485758729
15 61 201.4069758952892
15 65 91.6870180657161
15 79 5.128994247900292
15 83 61.5631114299865
15 89 11.062243257699597
15 110 175.7681252893989
15 112 85.85689840872945
15 122 224.73055942077073
15 131 165.13933920779405
15 148 77.3202263944366
15 156 176.48314669551354
15 159 33.84510698947612
15 160 17.061732594274805
16 31 133.16752163556077
16 44 37.663891463992854
16 46 75.32953701263062
16 51 82.71177876175076
16 71 29.448921057654985
16 78 91.56726597067748
16 79 74.25755414207505
16 113 176.30661390378066
16 124 90.29315471121929
16 131 18.94577708133911
16 147 48.97129839045639
17 41 13.62587653263177
17 66 71.53171317683393
17 89 8.637848633153471
17 110 17.62322757003918
17 119 40.07149764097391
17 135 182.68744339064241
17 136 14.950102661486605
17 149 16.5257018035609
17 153 209.98873731605863
18 19 23.855514295985763
18 29 26.803015340492134
18 44 27.13056801914059
18 46 78.67678600026905
18 48 47.84593884450202
18 66 99.89563529231494
18 73 46.5986449437901
18 77 32.79475582415081
18 81 122.7408526895847
18 86 37.30443617257679
18 93 57.883861234253494
18 97 38.68931879917649
18 98 47.54737628706204
18 100 14.298575673601785
18 101 90.30697562390347
18 118 60.62869434839419
18 123 276.619141617018
18 136 65.87775868487368
18 138 14.98626011722042
18 139 20.73081151931887
18 144 7.229292855003552
18 154 16.165943293888787
19 20 114.87138096567377
19 24 178.8482552257953
19 28 31.994256263697256
19 34 51.637624643986285
19 40 245.2472357801037
19 44 111.62380564467573
19 50 136.04280299708986
19 51 68.5295835289955
19 54 219.33419095123568
19 55 89.84249544527508
19 57 60.62627228362578
19 64 27.865064570586956
19 71 80.01356557611727
19 89 165.0007797797631
19 92 222.788682258866
19 94 64.84600253512082
19 104 257.4340940654907
19 105 64.76518706355893
19 115 364.97861802061544
19 122 147.1078221997575
19 131 39.156672373659895
19 137 7.860466303685369
19 140 18.856300118264304
19 142 215.5655481954431
19 147 8.537302368902441
19 157 127.52091459580468
20 22 33.32644923559074
20 26 7.843142839799417
20 39 71.49126965284017
20 41 57.23720323403053
20 49 24.97450024844025
20 55 104.87010564281503
20 58 32.42289009598589
20 63 69.22461669015988
20 64 7.293831528049535
20 94 14.434694235056305
20 98 88.72025245465422
20 99 155.01350624549278
20 102 85.38200267166906
20 111 74.57973873243996
20 129 36.536460441627
20 142 164.01769413039239
20 144 36.47698566217867
20 153 122.13229924563527
20 156 229.9783695289234
20 157 58.31886079012753
20 158 163.66941028346366
21 42 15.007815894205146
21 44 5.414969266724251
21 47 42.975936048964215
21 50 25.246054967342328
21 54 28.333775088925492
21 60 16.035020537259157
21 64 38.75702432228598
21 82 0.06910997579126991
21 113 38.494292789773034
21 119 45.60419334419625
21 120 47.70835585597421
21 124 16.139968459141063
21 139 84.20527159888834
21 142 139.60702391621697
22 27 59.092079979555336
22 33 85.81215446838412
22 70 99.09576302746369
22 81 72.24678230101283
22 88 30.53348252037852
22 91 52.47160061570064
22 98 126.43491047600719
22 103 1.0876003116873092
22 106 122.02247996579588
22 114 16.63530844988065
22 148 5.8467720746548615
23 45 28.695519500786588
23 82 118.24250073929747
23 90 47.07492160438367
23 94 62.283773035387185
23 104 9.742672319230474
23 135 186.24205492992542
23 136 180.7589945599868
24 45 3.666008968710803
24 47 163.55007958704263
24 57 357.29315487939874
24 63 12.499099605135486
24 80 28.526726250526682
24 81 158.67060205734313
24 117 103.26080148292802
24 137 8.504281235739386
24 153 15.91365023335259
24 154 115.46590796116088
24 160 56.713317575317944
25 43 113.62757324945926
25 48 75.14125179776347
25 82 43.892720845224815
25 90 14.843170351616276
25 92 97.54811620286685
25 97 9.987272825804583
25 101 19.806180270090827
25 106 22.13597130125805
25 114 39.10331122517587
25 128 10.00639824559127
25 136 105.67254608176114
25 154 22.366879132304046
25 157 12.881495819186725
25 161 61.760266341348334
26 34 49.65363627027814
26 36 44.281009913511355
26 46 11.43223196399778
26 77 3.7492397223898197
26 81 98.36777032958834
26 83 140.78875070366504
26 88 177.67826251381587
26 94 112.47730002512002
26 105 103.02829243696594
26 116 60.99457467795687
26 123 143.6712203914975
26 157 43.66774290345823
26 160 69.4434349984246
27 60 75.98846133255292
27 69 9.186691266993153
27 80 26.91200105861469
27 87 80.8731598555844
27 94 82.93528394874791
27 99 49.29962343368541
27 108 249.7622141514034
27 110 6.293867336261114
27 116 79.45408450123459
27 117 83.42258205531574
27 127 0.8365004794404298
27 132 3.187535840874482
27 141 11.324377390422248
27 146 5.763197775907387
27 154 517.7779965783152
27 159 20.831739220110798
27 160 40.80183899307949
28 31 0.35064253445874133
28 35 34.432668552113235
28 43 18.317267390045014
28 47 12.68161369823937
28 55 73.52718313053622
28 71 143.7009353290596
28 82 44.3541997621575
28 110 93.33518946415418
28 112 7.1049021199110935
28 118 19.165565083788383
29 36 42.481803901761445
29 63 45.00562446983079
29 65 70.68024119081139
29 68 110.92079208045838
29 71 269.85928633794674
29 95 0.9293738854656415
29 105 130.18248905211144
29 122 236.75104916808243
29 123 108.89861840022193
29 128 27.93258785402483
29 137 15.851324500733954
29 148 165.70435700033443
29 157 53.464369065681446
29 160 160.72858370230722
30 42 20.290141313919243
30 47 56.19121289645771
30 59 57.43860392372568
30 63 13.296134008515613
30 72 32.05286386756949
30 87 20.985408288146484
30 112 4.080083927389634
30 113 150.3426513236147
30 114 12.871607702624075
30 119 106.79690909585348
30 120 29.82549218642958
30 122 9.049573188576218
30 147 62.24382225665926
30 150 11.503319530265621
30 153 89.83946029121945
31 34 32.15903168683262
31 47 21.25567170486022
31 52 3.5273811390930714
31 59 42.48133441283248
31 77 8.352313462412148
31 81 4.9557660003382376
31 90 3.628054743726198
31 110 39.02090535431883
31 115 12.617744452157684
31 119 3.0511112057815275
31 122 82.26844954846923
31 136 12.080123751100457
31 153 94.69906688309547
32 48 247.8155430019592
32 53 50.02082509951224
32 61 7.356097311593544
32 65 43.538466944430006
32 78 23.243922725486552
32 83 10.200558312106114
32 85 2.2008804919306315
32 92 5.706386369827921
32 94 20.135050350201386
32 95 27.283371092875846
32 99 4.996163280666307
32 113 130.9975711436292
32 141 28.74061988313169
32 148 91.96670755343357
32 154 15.37661956289338
33 43 63.85092865108104
33 61 73.52872186810652
33 69 63.55939459458524
33 71 116.83744944377415
33 94 78.61125995857397
33 106 33.762407400749176
33 107 17.085158224069744
33 119 58.91213107359713
33 120 5.401730910713421
33 140 23.826299167555195
33 142 147.98394963956977
33 146 10.405489723876526
33 160 17.021717547594754
34 44 81.95375929870134
34 64 42.24063584755937
34 99 144.4323436662289
34 123 161.2478723167186
34 142 23.11143154937951
34 144 47.28751082591676
34 147 28.60391964674549
34 154 70.9752904018813
34 157 51.8458338927391
34 158 10.70800237938394
34 160 146.2785883822808
35 42 33.212724773812766
35 65 154.17554565503994
35 76 113.17177922481541
35 78 6.219673402657783
35 100 28.87667479814018
35 103 51.008266862110524
35 107 194.4006283887507
35 112 60.969701813626294
35 135 93.72097354701813
35 145 55.866406274855606
36 37 12.50372333992645
36 49 25.030638321806162
36 51 17.13844703413791
36 63 119.0934704129123
36 75 28.10656606164072
36 98 201.07312566192593
36 101 37.105712389798384
36 105 179.97454561344435
36 131 36.73696123935609
37 40 254.0772962942249
37 48 329.1621901464669
37 50 155.23701446322414
37 52 9.172894229741704
37 55 25.013451870865957
37 66 40.0931112730863
37 94 106.42552463067014
37 95 29.161964124618773
37 103 354.57943166473586
37 110 77.34207872647443
37 119 13.356586576557099
37 122 204.455481094849
37 125 12.835229883408955
37 145 76.86728355413989
37 155 5.278170316846581
37 160 60.221217909771575
38 47 10.407950407807078
38 57 30.038435369660196
38 61 74.35516935828511
38 77 22.026751475178838
38 109 161.3092769616262
38 128 34.217828551353016
39 69 6.1549959607798925
39 83 17.332128146720198
39 85 70.89220195347724
39 105 41.09501519247227
39 106 9.553187414332003
39 107 8.47941337942532
39 126 1.9541081644950855
39 132 38.71940967893598
39 151 18.45883847523474
40 48 18.601403164419047
40 55 2.9042418538659853
40 71 48.74351147982208
40 75 126.87979125092068
40 88 85.80752933796899
40 110 30.786429674900436
40 117 105.19611758674839
40 121 127.62240232232536
40 123 29.747855748353526
40 139 81.5271846223965
40 143 23.944146261846257
40 144 1.7945424527536402
40 146 45.36902938466983
40 149 101.438218714023
40 152 58.14025085740618
41 53 38.32454091449294
41 81 0.7734142632760097
41 95 34.2526607245863
41 108 9.38344013079508
41 109 72.59684962694176
41 110 204.6961167198867
41 140 7.0475608456769
41 148 19.63830901052391
41 150 378.45169102783257
41 151 159.79321159330848
42 46 15.441468917139854
42 66 187.6193167810577
42 91 7.208573262791429
42 103 21.6894124385062
42 105 100.75410648860232
42 110 450.3719768711076
42 123 78.8346991212732
42 126 54.35736383403241
42 134 43.9107124956117
42 135 8.924946260751467
43 52 201.93347273454813
43 57 274.9184396178456
43 71 58.00417765348218
43 73 57.41701895797711
43 100 49.673246960689326
43 103 116.98369189277524
43 106 23.39636785625208
43 110 72.56965649360973
43 120 72.44129265950173
43 133 128.38013257935484
43 144 106.71603447627946
43 149 6.099705340301924
44 60 13.791902872281971
44 62 72.68484883935966
44 64 7.96981968943553
44 77 124.49804273392864
44 80 355.4947539863001
44 85 13.232551683489342
44 96 45.16741457122297
44 99 90.99610136514231
44 101 36.060373120632356
44 104 19.462665592685838
44 107 4.077670886630454
44 115 51.538964924415204
44 117 134.27424399172233
44 118 84.54040024730818
44 128 7.495522750187121
44 131 122.8586951763711
44 132 33.49714926677493
44 139 154.2917530510532
44 144 137.21044264777046
44 149 35.58010276832716
44 154 17.423660527437107
44 157 61.115190206090844
45 58 44.01319670831851
45 61 28.588686077180288
45 62 33.32507371138786
45 65 168.88311331342206
45 67 93.63912563577765
45 78 105.59140385388513
45 82 115.51623077611067
45 85 24.905357294667102
45 96 10.83824771412895
45 107 30.8479740508975
45 113 44.78573439213882
45 117 20.557252119206282
45 122 83.70146634944817
45 125 24.824334068705124
45 129 122.33952587419869
45 135 47.59408782112634
45 146 28.359323728507288
45 160 2.292055788893173
46 50 57.209505932581166
46 54 22.744538855824974
46 57 37.40424436706308
46 120 23.08126879826792
46 121 4.625589334445229
46 122 3.404451284889174
46 131 80.75288298421343
46 139 41.03955900770156
46 140 52.433538929231965
46 141 22.157500711248296
47 48 32.57001329556509
47 55 19.550506277057494
47 57 7.20520301796364
47 90 66.817238812293
47 95 117.64208269084256
47 98 64.14938097747134
47 103 171.00819664264867
47 105 55.27850546238211
47 117 9.2872583795882
47 124 21.650689733318906
47 137 200.695151084455
47 142 97.24379894529075
47 153 24.824455847068958
47 154 35.78099347679821
48 53 1.6131621705950066
48 60 289.03497653720075
48 68 65.43194512403205
48 88 8.98223198855544
48 89 134.54818262458357
48 90 37.0787031375604
48 101 32.90405856102517
48 128 121.26061384768002
48 138 111.20970919236308
48 139 40.036116123991654
48 141 36.36783445488525
48 145 109.8639555243936
48 155 41.360052819858794
48 157 29.653278283973137
49 65 131.53774255899697
49 75 10.722667716996664
49 80 189.99850138288326
49 82 110.85931025151565
49 89 206.20128261750614
49 123 60.65696762006581
49 138 80.58005680514931
50 76 37.0629167829749
50 118 90.2193242499708
50 131 15.481511714762465
50 146 136.58694763450245
50 158 149.35176605429243
51 52 2.795675577151393
51 78 2.5161448522152887
51 84 298.1974962133387
51 91 40.71676271654963
51 93 4.126246586521675
51 110 44.66837058596421
51 112 5.847789978404819
51 123 27.005694323894108
51 134 237.9537439649764
51 154 67.93016538716334
52 74 18.46905819549896
52 90 94.38703346794335
52 92 17.84917407556475
52 106 117.7168091126616
52 136 35.002944775805894
52 149 32.259010331464516
52 160 38.59508999303341
52 161 34.719942093793385
53 59 15.379183785960809
53 69 12.56462706840479
53 73 21.34065226237879
53 97 76.28149319145102
53 99 319.3218186286636
53 100 2.622581780359584
53 112 28.3381496950342
53 123 61.534288298288786
53 125 24.37523151682692
53 128 48.615943604117156
53 130 17.63456020303056
53 133 215.68389621051276
53 143 60.854382187431995
53 151 24.971705269344238
53 153 153.34308315601476
53 154 58.4777527544152
53 156 44.51463914797856
53 159 1.8189891733780135
54 85 106.4685655659288
54 88 173.65037069447789
54 91 3.509540058481228
54 98 118.08938223967483
54 118 25.643788125404853
54 126 151.45217673354162
54 153 16.1468281843841
54 156 24.370570053143208
55 63 92.77147660073899
55 77 79.34641267130684
55 88 24.952530298350066
55 90 71.44172056759672
55 92 136.0610411734615
55 122 8.555613623635672
55 127 53.67426976607514
55 144 31.230668994530323
55 148 237.12404083324788
55 151 12.840408073926032
55 154 46.96943609841917
55 157 36.522604716319435
56 67 2.7593745327621226
56 73 135.10646973502412
56 74 12.49155090360692
56 96 108.00389201192795
56 105 39.586397243465704
57 60 2.4001083681759448
57 61 64.78997687744612
57 72 21.76419117522716
57 87 13.914243305913656
57 93 5.223467853065359
57 97 223.9658928176436
57 105 54.77329785169738
57 120 9.466476699655122
57 150 114.96565721623429
57 158 96.2788319386527
58 68 65.05285571400526
58 71 90.8193397601231
58 77 228.56157117536293
58 99 108.98992913615757
58 114 54.725593376283804
58 117 11.208507363832167
58 127 92.10521031155666
58 136 4.93488136539474
58 151 0.2644517707434524
59 60 0.8047191099843652
59 63 75.37980199839156
59 68 82.89718058138307
59 82 125.71765750835225
59 99 28.780742919859087
59 114 21.170662348973142
59 121 61.49600257289429
59 141 79.38851304760041
59 147 266.110305885189
59 148 10.508929412804502
59 156 81.10766015235448
60 65 19.82558787262736
60 89 51.48790984367914
60 92 89.82478667032565
60 120 32.968057098167264
60 124 33.330342901174234
60 125 186.20307852002875
60 148 64.56621005275397
60 152 9.591267672508437
61 85 30.292777037902642
61 97 54.529356195074335
61 98 10.229786753527176
61 105 57.243762313200044
61 106 26.75584148926958
61 110 17.230061552197345
61 113 28.904274399306793
61 117 99.90955567732377
61 118 12.924547130887763
61 131 21.104168169859683
61 133 51.37369396134702
61 134 130.57635465303366
61 141 83.43534648701531
61 146 76.0214739717856
61 148 14.63563325825082
61 149 97.11046077405506
61 154 22.341000187053034
61 156 9.491493612080076
62 66 198.00702248172897
62 72 119.90096629803918
62 78 13.352684183137201
62 80 4.37463832102049
62 82 330.86307351209064
62 101 90.82783624324077
62 105 315.2352459100992
62 122 135.70082275015176
62 123 83.39436643379695
62 145 167.44955245008103
62 151 43.777839294267736
62 152 59.36578500348156
62 156 93.835486291149
63 82 29.36874037447754
63 83 107.15635556504016
63 99 65.60238429710427
63 105 78.67260131140776
63 117 40.84641700981254
63 120 168.97961008227713
63 136 102.09924794792423
63 140 17.914824622976518
64 65 85.29055539724098
64 79 79.49435281072911
64 83 17.587854638906002
64 93 24.745148358931733
64 121 155.14095063841162
64 137 45.98726664743123
64 146 6.923877517303704
64 152 47.61458927131618
65 66 44.19895299276141
65 68 2.596049549786104
65 78 45.46770076170969
65 119 9.02946664514609
65 129 7.375131374363612
65 136 48.52125168471685
65 143 70.04927777313797
65 145 11.74204614559098
65 151 66.2653896449885
66 78 53.36860053941943
66 79 220.05021281013416
66 86 38.10977827097249
66 87 43.78394630639437
66 100 83.3995567633041
66 116 59.188045300550264
66 122 20.282261764441884
66 127 154.77080816526365
66 135 46.753973584553634
66 141 167.8919401403327
67 72 106.60402729245247
67 75 195.0886250809406
67 82 75.44002253631804
67 86 12.479410751015008
67 111 486.93062250422753
67 114 0.10081902000647516
67 135 389.23120588701715
67 157 225.70768368195752
68 99 23.42986714094196
68 100 129.48190099061486
68 103 135.9620929611587
68 117 46.33340031674551
68 118 337.479606589454
68 124 42.30174925297588
68 125 450.0675868572251
68 129 97.76665913596634
68 134 553.7567075491606
68 136 212.7874610040644
68 140 14.988705892855629
68 146 165.31126131665883
68 147 102.826976606646
68 149 48.58070537668834
68 151 146.43501479865793
69 71 18.993122786503545
69 80 23.17744594144957
69 81 10.29662477611225
69 85 4.460079447046723
69 135 76.58056391646551
69 136 21.403871634936138
69 137 19.263323377832403
69 154 41.46065246762441
69 155 55.36395543435901
70 115 183.62200872102042
70 128 55.29183219073841
70 146 26.358456580812526
70 155 84.18444827671426
70 157 279.0937701582643
71 85 29.16062884206031
71 100 63.309093663767186
71 123 11.601225659724546
72 91 25.56295643912899
72 127 70.17962125110363
72 135 25.136025165509334
73 95 141.7462939270656
73 97 44.75569002779721
73 98 12.159625852068325
73 101 18.068548796971616
73 122 109.30919285209528
73 133 241.502923307401
73 145 206.49319779892372
73 153 247.93154997715934
74 100 14.99250177008441
74 117 9.228662086587608
74 123 20.91199084121477
74 145 52.57016852830159
75 83 308.50649765132795
75 85 44.781666681291846
75 92 34.676080534815604
75 103 230.04208214950853
75 111 240.07046040535639
75 113 7.832502791896801
75 128 190.83563492711414
75 144 6.720489485901006
75 147 25.597505604939975
75 149 29.615025468844394
75 157 16.24674512909883
76 87 82.99140168780302
76 88 243.92094949412717
76 98 25.677515663234573
76 106 89.20326954081335
76 117 73.10565117783246
76 121 166.47132584636302
76 129 293.23794902488805
76 138 21.366165128660963
77 87 4.69824358477833
77 95 5.577712443318867
77 114 44.0276724716962
77 119 5.0511621942015745
77 122 15.171903422150923
77 125 47.46936385695533
77 126 52.19506792571736
77 145 7.611055350505291
77 156 23.36024155279479
78 79 22.638917011564228
78 95 25.47795231384824
78 98 42.977645589819744
78 105 124.13318064662447
78 113 64.18768303602222
78 118 8.019158184652781
78 119 25.562746260679656
78 121 0.04986861945804586
78 127 4.566306262410373
78 131 30.307246505836954
78 136 94.73047994130489
78 138 148.6680133837981
78 155 145.74848010907425
78 157 15.458787459487192
79 104 2.9049881119315577
79 125 8.540787486609876
79 144 59.22250077285609
79 156 28.068041286068446
79 157 55.63774878823622
80 83 55.18475823440367
80 91 13.037100010996394
80 92 333.5849766621466
80 106 2.0512000330692683
80 108 11.963873862077087
80 114 77.57433907395192
80 116 196.47281294855705
80 122 52.45258793400422
80 151 53.024478051393295
80 156 65.39469034013992
81 89 104.19707980775526
81 90 7.907111014510333
81 96 69.34568876207979
81 111 14.16351400307088
81 121 56.91947483764491
81 132 29.62318301820837
81 136 61.06539905947281
81 153 22.09466420990214
81 154 121.24707514305464
81 159 153.47776614373495
82 92 34.45796665901147
82 101 16.63796255005069
82 105 167.20701857739226
82 108 33.53348464204783
82 141 209.6532288539659
82 155 30.258818225359743
82 158 16.084648037507545
83 95 105.13004059401993
83 106 118.69984074130379
83 123 65.00994790987262
83 131 120.48364516326373
83 133 93.13183452918028
83 137 279.76900503105367
83 138 71.39757055289742
83 141 0.29339140787924783
83 142 2.5093385832601527
83 149 32.68890062111755
83 153 285.1403251538104
83 154 2.700775283719366
84 98 64.81946428487625
84 117 175.94923516107121
84 135 3.437747249015125
84 137 115.52606345354714
85 88 183.24741915666561
85 103 57.00842492617254
85 134 8.9406402150937
86 103 67.66198455060746
86 105 37.217786622371236
86 112 256.5610228265897
86 119 59.26705356789967
86 122 34.84851507671871
86 128 117.12066159857287
86 154 15.79396810879304
87 100 165.3230166516339
87 102 75.16572797665609
87 111 3.395519943957228
87 112 17.65176151745276
87 119 11.024256652376193
87 122 31.574489084847805
87 123 12.08931341880881
87 133 6.260265545155228
87 134 22.829959815519107
88 93 55.44464081781341
88 100 131.88129377126288
88 117 22.49942783777176
88 119 84.94613431504055
88 122 5.539203142362453
88 144 50.69928306665932
89 92 59.46124645973327
89 93 171.16354553348117
89 99 37.149158809481804
89 102 10.245234965444391
89 121 155.14827733480732
89 145 112.84202814791914
89 146 84.35136162393428
90 126 46.223652376228934
90 129 38.56720001970148
90 134 42.91975312280883
90 138 85.82176467474781
90 142 359.32169687056444
90 148 88.40926871468241
90 160 5.758918025231746
91 95 15.510151636284185
91 97 212.13658516344202
91 101 63.58403170296011
91 102 68.55198359276416
91 103 20.364081920803528
91 114 3.7776874925091324
91 115 149.5443439362746
91 118 51.268655105240256
91 120 8.463542497981013
91 129 28.36433935919777
91 131 102.28779246557828
91 132 70.32001124997373
91 137 128.10541109545701
91 142 5.317664573839095
91 145 267.0783688278345
91 147 45.483672232733646
91 148 91.64606041453088
92 93 149.64144102460514
92 103 9.165678278379996
92 116 100.37343017609476
92 121 7.045635662959567
92 122 54.93503446087444
92 130 125.20400727229993
92 149 82.97000048228557
92 160 119.04227034036606
93 103 14.05120825520883
93 126 8.404693692442557
93 133 53.19165018078485
93 145 106.2363733857873
93 160 52.486217061112086
94 125 28.153591808396126
94 131 91.32766765821765
94 146 67.47184296571788
95 99 300.888101660242
95 100 245.67119375857243
95 107 80.28557335904777
95 110 33.005354994028615
95 112 56.314373344969894
95 139 53.00203879858055
95 141 18.293731346996775
95 154 10.222360915694932
96 99 89.75931641001992
96 102 7.064434286428554
97 112 32.893439674822105
97 117 7.733634586777903
97 139 95.24868284456676
97 143 44.22967591157864
97 150 44.404783744300346
97 157 55.75746907362785
97 160 25.929873113713718
98 102 21.725465131266585
98 112 61.842058086687615
98 116 23.79693137462606
98 156 144.87463420653705
99 100 76.1316915687012
99 103 11.906448938604832
99 115 10.326178475088415
99 135 21.58166630774747
99 153 222.30976467218008
99 160 62.299641944730986
100 113 94.69688457815006
100 137 106.44729881404693
100 146 26.329131905872668
100 155 49.62987586873653
100 160 63.37148948044039
101 117 66.2091239670652
101 124 47.00713510957175
101 133 35.80688739824553
102 121 20.399466549555473
102 122 112.04625383083302
102 156 18.747943355832305
103 118 30.36903212644357
103 137 15.751221774866572
103 143 34.11400260315766
103 144 91.73337105594611
103 149 107.21137840872557
103 157 9.80601299990599
104 111 68.93242607813906
104 116 52.61525116499515
104 117 72.04936987459111
104 123 35.65759204918015
104 139 28.358874376898743
104 157 57.945506922689354
105 108 71.08874466720886
105 111 121.39646097183005
105 112 214.1316876927841
105 120 47.04139640723672
105 123 98.81423122721631
105 126 12.86486005597221
105 150 66.37205910441314
105 154 16.702065226168457
106 111 241.65156130449864
106 115 91.48943872585095
106 118 201.5340432090819
106 150 66.52704965509204
107 108 134.71065070764084
107 114 96.15667878505451
107 126 23.714516304465338
107 149 17.424870443575806
108 110 32.49354358223784
108 114 123.2904104070722
108 128 77.68610135940769
108 131 313.7422019628647
108 145 447.92137035384127
108 149 190.3486975345107
109 116 58.62974974646751
109 120 66.34606166959269
109 121 83.45809742917496
109 135 30.28610689155228
109 143 6.849723328192835
109 146 17.58071798324326
109 153 51.34359503939613
110 125 171.8382340250035
110 148 12.093285237237543
110 150 109.40286096431505
111 131 171.40005675659688
111 141 163.32610343175284
111 146 677.3504083016813
111 150 92.90137651265194
111 154 225.35666625152106
112 115 35.01035586162046
112 144 78.9419223871542
112 146 328.8097280529249
113 142 53.597353433087946
113 148 116.54110280242301
113 153 88.6544121787512
113 154 84.4270622242021
113 155 58.502102788187976
113 157 42.928990137169684
114 117 52.74042535465873
114 123 155.83679020289324
114 131 66.36950823761727
114 149 124.75252544249126
114 154 12.086918700464073
115 116 63.42667548611484
115 117 105.64467757835936
115 124 47.19837533837516
115 129 284.4212523521827
115 132 83.60978135907803
116 120 134.55670694411404
116 121 63.41319224058701
116 124 44.52828357501731
116 126 2.0003800806824152
116 131 80.67832172976465
116 132 182.05239201807643
116 156 167.06870040064013
116 161 196.09366092231235
117 122 18.71214595738778
117 131 15.345723628078671
117 151 334.02648460642405
117 154 64.13920509968521
117 157 117.53370081593279
118 132 132.29537891598156
118 146 199.25431883059147
118 149 13.1123664036641
118 150 498.9200558115768
118 157 64.1277893270054
119 137 128.45218704545124
119 139 134.2342757182397
119 156 28.172340597567953
119 157 80.85427730534865
119 158 18.031080954183373
120 126 262.67327295659015
120 137 26.811231697752135
120 141 29.596334229814094
120 149 105.72922383279577
121 131 250.53541174686865
121 143 42.557196474842584
121 153 29.5555521927648
121 157 25.049701655327006
123 128 43.83976306898244
123 131 56.178506450617974
123 132 113.65716002701063
123 133 5.777433193632823
123 143 1.9314306036021425
123 149 22.293459222136985
123 156 92.90011480954557
123 161 114.5371786518203
124 129 32.18840666021951
124 136 5.037275779371994
124 142 187.60779092585028
124 144 12.15278888263
124 160 119.8827729374306
124 161 66.20789766336775
125 128 135.85985892931419
125 130 190.47912167396376
125 134 51.32819336663535
125 135 1.1460000905862795
125 143 7.799249533456017
125 144 49.54644779372881
125 157 120.69607907983215
125 160 35.70085493255709
126 127 10.558840447477554
126 129 214.66967067911403
126 136 69.46302199039545
126 137 67.9728153400282
126 144 84.24481019581565
126 149 95.3233016101075
127 133 19.725743441896153
129 130 0.050094227660658866
129 133 156.55853452242067
129 135 22.857728209399063
129 136 20.24628185351904
129 142 36.72950817954882
130 132 19.676682168243882
130 137 49.817822891062086
130 141 79.51305376536476
130 142 35.96445161265244
130 148 64.94219312665777
130 153 23.26896678867461
130 154 28.889313121391382
130 157 30.924360632036983
131 134 233.86731349357478
131 142 144.27049343190518
131 147 82.57298509676355
132 133 55.28450350038846
132 135 506.5264717512162
132 137 425.6079069945006
132 139 91.35566132079667
132 144 138.26034378361993
132 149 60.78956068517367
132 159 25.891281348763158
133 143 4.102246140749659
133 156 67.14707197772888
134 140 4.818298717473002
134 159 7.675395836956585
134 161 493.0939393036957
135 151 244.74651279757325
135 156 369.7907471694777
135 160 310.63097568801743
136 153 81.78656804232965
136 159 42.844640122884805
137 148 50.7913243001835
137 151 98.93099724480638
137 153 224.65841504115127
138 149 11.872284008843152
138 151 24.467817792956993
139 144 71.55518598710167
139 145 231.443564645069
139 149 149.49275750309255
139 153 49.093398773286204
139 154 7.761961496455309
140 143 23.769116179975498
140 144 7.89764646341484
140 154 61.41245462579411
141 145 8.00061143066269
141 146 61.0906713230662
141 154 240.45405300920243
141 155 95.95517482598392
141 160 42.141213868172784
143 149 150.2368714310651
144 156 127.88095335199664
145 154 254.50066566131144
145 156 2.1899063150675
147 150 4.211854912885999
147 155 89.67381061914016
147 157 0.37442280650952126
149 151 111.3759262383379
152 157 57.60252889820234
153 154 120.75561541959061
153 157 29.33298798137748
154 155 59.09103258929531
155 161 122.97478569539277
160 161 18.402888966386854
