0 12 15.930862050501062
0 20 10.814967651383176
0 30 41.43211183887738
0 48 146.63031591095356
0 52 91.56964913496522
0 54 95.38190958530394
0 61 48.786740906514005
0 65 47.435926012190386
0 74 124.3594390956675
0 83 8.758767416611947
0 97 51.81164967427591
0 98 103.54994368632632
0 99 17.923101635251204
0 123 56.59551532463398
0 131 15.198490720197508
0 134 84.53027911615344
0 137 100.21014863075767
0 160 252.66430690152697
1 3 43.34396728915922
1 12 30.00691835708667
1 21 30.701859068411295
1 24 127.29260484806883
1 29 153.90068299239874
1 31 271.59843700159166
1 34 7.7479565758140545
1 60 51.55341983330068
1 63 109.19111989101616
1 106 247.2173985376817
1 114 41.74801446609523
1 115 13.83039235278429
1 132 11.028374062580463
1 143 64.24315178866865
1 145 21.3271037239586
1 149 108.58661269537814
1 155 228.37211717039676
2 8 103.98152346062612
2 12 19.904875045237468
2 14 74.41530031439115
2 29 26.884011456760643
2 84 45.53883383170238
2 90 73.19034984911451
2 94 112.83736335314397
2 115 46.478233792814514
2 149 65.48507982796062
2 150 193.21508705805036
3 7 49.75033853392051
3 14 130.46975050522195
3 26 117.4656383427028
3 27 8.039885718806566
3 29 33.92008446621256
3 55 32.122960802920616
3 77 157.94668020832447
3 87 81.43602545158272
3 91 25.79059639619021
3 93 62.285664230698664
3 105 7.921568081390202
3 112 276.8604573710303
3 124 195.81834566519754
3 131 31.857355654502094
3 133 14.98285285578171
3 134 70.2117152481249
3 135 76.85254166399159
3 145 36.45193652594958
3 154 49.37691665511051
4 14 28.600705428172777
4 20 109.84341925844492
4 41 4.479372677306977
4 62 36.43481202723336
4 67 96.94645149960827
4 94 135.71902461554646
4 123 63.384982116634504
4 125 101.49194119298502
5 13 281.1054325107135
5 15 39.79391605049531
5 32 58.29370120303914
5 33 145.64298033309305
5 41 62.014419965519686
5 42 215.53721240167886
5 45 39.368147942672486
5 48 43.252092985453295
5 53 54.65003026199395
5 69 98.30973878634609
5 84 3.1517090460114066
5 85 33.05354872846334
5 110 219.10550144444178
5 113 100.57414162512738
5 117 417.665358061112
5 123 49.338466899466205
5 125 141.67297017661318
5 126 13.484510496173419
5 136 22.080861038893584
5 151 48.93207910796669
5 157 70.73100954173128
5 161 35.30821774720492
6 10 64.45819362264818
6 11 92.13561233053314
6 30 39.54038170387248
6 38 37.5741467173395
6 45 15.535709641271334
6 66 49.6972393680396
6 106 43.80672739285928
6 107 21.38048793892549
6 112 13.036464843351517
6 130 165.2234608907264
6 133 4.709444710297619
6 135 212.01801783420206
6 141 48.18681826360692
6 142 96.88167842777507
6 144 5.989630123421137
6 146 24.49835829438861
6 147 269.4603431596966
6 149 80.22929911767433
6 153 3.718916878261636
6 157 59.26510659180641
7 13 66.64933473531123
7 14 16.784107265308666
7 61 2.5809432287904785
7 68 308.22019575155485
7 71 14.258736417906263
7 77 171.30348136142217
7 79 47.732421740496726
7 104 77.25385148458874
7 108 52.79035131349443
7 111 35.07232617224441
7 112 19.369383095881815
7 119 42.71890998899915
7 122 129.0991308095566
7 131 41.67015013331629
7 135 112.03783478464615
7 137 334.7470839050878
7 141 33.55340921190569
7 150 104.92280762696276
7 154 93.59257692218954
7 156 336.1445219275405
7 161 151.88313714884333
8 10 35.049408028637316
8 12 51.56070064474523
8 14 10.208304043978462
8 17 164.95832892609687
8 22 52.94908839987545
8 40 29.11608446427495
8 44 47.6276572313814
8 59 279.5224161688376
8 72 92.0637383287014
8 73 67.01528311263378
8 81 162.45834375084425
8 84 32.128224566631076
8 91 51.93605358498468
8 101 107.96549546816112
8 120 43.72196300621741
8 147 232.96665694513564
8 160 80.15002002582108
9 19 202.38134868042908
9 21 4.375638374464943
9 25 174.84296489086807
9 29 239.4585845159989
9 32 137.4710085684862
9 46 7.578656583814609
9 75 82.25346850515773
9 83 86.04643028687858
9 88 36.44739713561959
9 94 31.92619369905608
9 99 267.6118660545757
9 114 41.472951350621145
9 125 135.02687453939922
9 148 69.709072758964
9 150 124.19274324914832
9 159 150.21685281495886
10 13 21.543272071155492
10 27 7.431017909973076
10 29 149.42504798234324
10 33 17.611332403740157
10 40 12.796776956306502
10 43 13.2927455305907
10 57 29.026182359536573
10 62 141.5861028503882
10 87 3.1077362383288385
10 89 29.801842952508444
10 91 51.96617903745491
10 96 56.59839507887851
10 134 9.532159347501901
10 135 6.769421775108239
10 140 65.60612257902699
10 141 130.2235952438134
10 149 130.64832488592938
10 151 93.46614471774659
10 154 63.70267604800132
10 155 22.41219778012109
10 157 39.643310119923356
10 158 95.88617019616017
11 16 144.3656068693441
11 28 74.80248154192213
11 34 62.15291714687488
11 41 125.58998945182847
11 51 28.82379544271742
11 52 7.068584630002189
11 91 8.882234900729408
11 93 63.62358793691073
11 104 137.6921297819315
11 105 100.55463982044851
11 106 4.013274092178025
11 123 13.2542895174521
11 126 38.48704784871469
11 133 26.483933898138982
11 139 131.1444099180251
11 143 9.80718726288234
11 149 221.93043472270432
11 160 40.12998161841686
12 13 83.97798383887913
12 25 63.86485472046012
12 46 33.34034901701141
12 47 90.20804605701247
12 68 104.64267030874478
12 69 48.914341531061595
12 83 213.54521955329778
12 118 205.908381082691
12 120 126.9830790790591
12 121 428.9676900929156
12 122 55.67500828333831
12 124 244.390633355117
12 130 55.56917357258117
12 142 214.2780011732341
12 143 0.5935538102359934
12 147 10.713374002976366
12 153 95.46175221980347
12 156 34.08315184254943
12 157 69.01925714300451
12 160 43.35233683398434
13 22 130.6310222200306
13 23 115.24276566773716
13 24 420.0148735123101
13 37 94.0854031468989
13 45 17.53366750812216
13 73 47.904403206806435
13 76 72.60029561392548
13 93 175.726967735643
13 103 0.5885321062241583
13 108 27.692521281034423
13 121 83.96117918934596
13 123 44.17266625441844
13 129 36.72435870152503
13 157 8.800822627548884
13 161 6.418182689925061
14 25 79.57922469286281
14 29 131.5307188374563
14 43 0.8568536889648443
14 45 2.7569529378266386
14 51 30.00764387796692
14 72 32.985164943024074
14 73 78.2775376363983
14 74 19.166289471701084
14 81 54.359021395919264
14 84 3.3771964958380263
14 86 84.66541088982278
14 101 6.3156372051188745
14 121 128.3414393672438
14 123 166.63594752175155
14 131 230.58886735236987
14 132 74.65595579770336
14 142 223.39517637658636
14 149 85.15301148295279
15 17 41.901622596642305
15 19 76.38423084894993
15 21 87.37323727921624
15 22 11.445462882681596
15 32 14.335628407211358
15 60 107.92125283571576
15 87 36.5588024973968
15 92 142.32513559216096
15 99 20.597416420566713
15 114 23.99781661059517
15 131 5.500161596827543
15 148 75.94378320538874
15 160 69.02001198569762
16 18 39.50622046177501
16 23 66.35199232273592
16 75 0.5326779818446684
16 93 150.4769990069427
16 117 222.7224220864163
16 154 175.02445874915034
17 20 38.294281835525304
17 21 30.325917621308687
17 26 227.23895534177595
17 28 4.10093162307932
17 46 17.54277907462456
17 48 171.71584550122634
17 63 13.69455422803581
17 80 34.23280346406557
17 86 53.12291091437101
17 104 32.354809994044366
17 105 226.54626521919846
17 121 141.42091267636064
17 137 16.033348555662585
17 150 70.82700002824414
17 151 0.1551218969452609
18 30 13.665507433818187
18 47 1.8171115992595228
18 50 21.009780370803217
18 62 18.955666827099485
18 71 3.866772638789135
18 84 14.594896607469822
18 85 19.535197944147054
18 108 111.10969440996372
18 111 36.128525220229896
18 121 72.69419208208042
18 124 4.472689376145826
18 125 21.395947601761737
18 129 28.866649724568493
18 131 92.74345226492446
18 135 0.5169570245755066
18 139 43.79232572642425
18 144 102.29131706849122
18 153 28.5700603144289
18 161 166.8066780866049
19 20 36.54035909899041
19 23 286.40674576127185
19 28 1.7174133600013042
19 34 56.66342480859087
19 42 69.42654474250942
19 45 42.62656432589145
19 49 91.11562177375102
19 50 136.69740074174646
19 51 117.75398310541259
19 54 21.118033420779103
19 66 308.6476729833041
19 76 101.41916025087865
19 81 57.7266277035129
19 92 46.18494894046668
19 94 55.22387140589569
19 99 33.94582508450256
19 117 1.5673543595058774
19 120 101.86524009869757
19 122 4.798707471626076
19 128 20.071830181686053
19 134 13.605182450882635
19 150 57.2502464640553
19 157 43.291111055616824
20 45 83.76331950391548
20 54 36.461545395102455
20 60 43.872197033279605
20 77 82.85435008939746
20 88 295.25764716105135
20 95 117.3771097968664
20 99 41.91943872878296
20 107 14.320600703141801
20 111 9.276658423845323
20 128 32.98784504937285
20 129 322.3955649610237
20 141 44.772866813872874
20 146 34.533738887065304
21 24 332.4821993804674
21 44 41.52471465873873
21 55 12.68376082086092
21 58 30.9274158689445
21 72 6.577341888002375
21 84 92.82842220517747
21 99 62.41271806486289
21 108 60.903246538349784
21 112 8.583491267499648
21 137 37.85355530067515
21 141 78.09405081894026
21 142 101.62347610341092
22 29 16.39582895774954
22 34 49.14384756597442
22 40 56.17396759886685
22 41 275.6273311038192
22 44 8.7190511874756
22 48 116.84769105925317
22 51 73.8957267408466
22 57 29.43377853600144
22 63 190.29987422527827
22 71 111.93682542994954
22 74 13.992453596423399
22 75 1.1561498591835344
22 80 132.70098495723207
22 93 66.07087280595452
22 101 25.68194410675707
22 114 2.182372329733492
22 118 89.71472001870247
22 123 118.57528738460047
22 137 31.992339779697367
22 141 162.578533220536
22 160 147.7698951093169
23 29 15.769173703690951
23 52 53.12323311015464
23 82 539.2882540328883
23 83 7.993122800728277
23 89 6.223445147972709
23 90 55.849262380565136
23 93 188.9027195984276
23 103 39.74822490771943
23 111 248.28787942910546
23 145 65.9561068602175
23 149 89.78276681104401
24 25 354.1262647354806
24 42 42.944660228762224
24 48 45.90492427357721
24 64 24.669884364157642
24 87 83.97924243053272
24 98 283.93450348853014
24 105 9.554263541954313
24 129 107.87927084154224
24 131 198.207159051815
24 132 20.649415990878232
25 30 28.24968126852892
25 33 145.3855307116697
25 36 63.11459398795361
25 45 18.611362192236545
25 48 34.63279567266463
25 51 132.15360478101624
25 61 2.1841898472179797
25 87 145.10748305804006
25 90 14.464420029506908
25 93 8.101552757928042
25 94 8.535350466903159
25 103 59.960079440769576
25 115 308.2508907819484
25 122 121.75756314513708
25 145 2.4545823669104627
25 155 243.8540336350959
25 159 149.8580283299651
26 37 155.71277660673212
26 46 15.897564623047348
26 64 65.2218507001865
26 67 55.2170137838573
26 69 427.982473602463
26 74 3.1179008271350193
26 87 15.710109934286683
26 101 74.71892311053796
26 106 9.178182596062017
26 111 34.1756123527753
26 114 88.00958593711783
26 116 57.58709256979343
26 139 78.95913471042536
26 140 19.59482906527271
26 155 33.369090198125846
26 156 74.76222940441708
27 46 19.20561577489391
27 75 110.21925072098827
27 85 0.7593327212707424
27 87 29.157315299570186
27 88 9.201072528187519
27 91 78.73163994484057
27 99 136.80874373459636
27 104 11.562451104321541
27 134 46.59325116854897
27 155 158.06508209809766
27 159 5.5944559555880415
28 42 66.53614299828115
28 81 39.2325735096763
28 86 8.494887029549917
28 111 26.240793289359917
28 122 79.32528040698537
28 130 21.13195733854414
28 133 35.098746390796634
28 150 25.743907158077015
28 153 0.8855330231535404
29 32 87.63859067367919
29 33 134.05680558063045
29 35 251.1988550429592
29 45 34.02989619519557
29 53 70.1556577891375
29 58 2.7431494797237246
29 61 116.63386251627962
29 62 60.25280303980727
29 77 3.282745349173219
29 86 29.376094972995375
29 88 59.767736013032305
29 117 254.0324243188085
29 127 1.540880653154119
29 131 26.166969187422318
29 135 59.898806381497806
29 139 87.74425943383129
29 145 95.41662704451561
29 161 41.94864970140713
30 34 33.64366630702744
30 84 31.084049874448713
30 90 33.42088668889499
30 97 36.68521607484523
30 101 224.5550194548587
30 104 72.53536892866423
30 105 221.2073778060599
30 106 110.59379363022296
30 109 81.06301441172802
30 128 37.405245727869705
30 157 43.80674922444584
31 87 121.87559081026085
31 88 55.577886598152865
31 104 34.820946763558226
31 107 40.68009816789949
31 110 133.12495926298408
31 124 31.604712839710956
31 137 0.4496910887375092
31 139 12.562058361668788
31 146 25.73831803927227
31 159 223.17798284688405
32 53 115.34038874881045
32 54 85.36358036080293
32 83 2.96040597585075
32 99 147.38626788353588
32 116 132.2136660742148
32 121 49.553867241873554
32 127 85.17183716126523
32 137 126.59127042096875
32 142 107.4595762046935
32 149 17.771287627166465
32 153 109.87073912759132
33 40 163.6130360842339
33 44 25.87340937893369
33 48 103.5522135524662
33 57 6.257861344913076
33 61 160.45192301227843
33 66 213.63379950746375
33 108 36.37590046044579
33 121 12.629629465429819
33 135 98.77595322175654
33 137 238.62726624332257
33 144 44.918459926641354
34 44 41.520360735646065
34 65 73.62006183270204
34 71 11.580974872143774
34 74 129.704449312875
34 78 43.6318125983867
34 88 7.995541585778012
34 99 21.01368061169403
34 117 102.24345907480797
34 133 16.05753772529951
34 135 49.82514219277748
34 137 14.099404850817926
34 138 6.42238658680504
34 149 37.22563905227707
34 157 55.55948161083485
34 159 95.88016838735946
34 160 47.65792974815067
35 44 2.5616763954157573
35 55 129.33582697631854
35 57 7.138698057453354
35 73 23.121652414923187
35 111 52.05806529453202
35 141 394.5438994447491
35 157 106.34351230534583
35 158 143.50791316941667
35 159 54.004587402059435
36 42 128.77674614351739
36 43 86.41707388105588
36 51 98.27600539404615
36 71 35.90482507529681
36 94 63.47272962865898
36 124 26.055990523913604
36 126 152.66214857708118
36 128 59.417242951269344
36 132 44.628924843162046
36 135 30.89815483981904
36 146 308.9191844709488
36 149 215.04853916720822
36 159 28.76108768326504
37 71 158.12246885608639
37 81 44.56568230225496
37 106 152.80084400516785
37 108 103.67706453786265
37 119 28.820549448766453
37 129 101.90178819851222
37 141 18.952744455022497
37 149 66.49459736354675
38 62 23.24260146716627
38 78 135.62723345527687
38 119 24.94874239414044
38 159 223.53085544449328
39 48 0.8937511206290071
39 54 54.1037863686839
39 75 25.61709878849697
39 94 20.535903646259438
39 154 8.853915373228098
40 44 10.227647982006133
40 60 123.73530427228201
40 65 6.867208492312028
40 82 50.498585294838406
40 89 12.140837318180694
40 113 32.34227331971447
40 118 1.6255632803134923
40 124 198.54451202740233
40 134 111.78280658723519
40 136 35.02188920240271
40 150 30.77573702441288
40 157 87.78713464870702
40 161 38.61324920027324
41 111 27.643117758829437
41 120 111.38796195897392
41 123 111.67667895341532
41 130 156.23364420430804
41 143 100.36679075473963
41 150 9.770602394077562
42 46 322.37925240439773
42 49 123.64580035889662
42 55 20.26867215956719
42 81 27.597124430768964
42 95 43.91784517393598
42 101 19.87943842178137
42 117 249.23257818878017
42 118 128.4517453965653
42 124 56.55249207773101
42 144 49.23817370514522
42 149 170.78887751674148
42 157 9.327282740052393
42 160 135.60159592988504
43 44 72.12648033421728
43 49 96.83726826856147
43 54 130.520818368253
43 88 94.69009575974572
43 106 39.95566376951682
43 108 194.6573435449777
43 113 73.41728060471061
43 142 114.27663302756476
43 151 215.1904787844403
43 155 160.72200151948792
44 47 74.33131910376586
44 53 4.084866079050114
44 71 57.0685399836984
44 81 6.978922099288413
44 85 123.84267064201114
44 95 2.498883663347437
44 100 119.56410396553825
44 104 50.438997149345106
44 108 257.06334300606267
44 109 120.1763182232283
44 113 28.21699203617154
44 124 152.1086781163443
44 125 47.834084076682
44 136 166.51030448698984
44 151 31.562917416806155
45 61 27.204463181990846
45 107 2.123616710676971
45 111 173.27299109594787
45 116 86.79752809163091
45 122 66.87883147274972
45 128 54.783851870405776
45 129 79.85993737296607
45 133 7.039189656456708
45 136 73.98904559478474
45 141 23.850678471031554
45 150 168.81572674960685
45 159 17.917521396318772
45 160 11.411514545137974
46 47 129.73430598015858
46 51 24.307047884904303
46 67 95.55666702642255
46 76 51.14014615569684
46 86 116.281382979971
46 87 79.87054653256575
46 89 81.3040340041511
46 106 47.64290355524283
46 113 15.852773492091245
46 120 58.06651045364764
46 125 83.9145516083263
46 126 16.3707301371536
46 130 27.478044288073992
46 133 21.10526433317586
46 136 71.22275175818841
46 137 109.44536732681895
46 146 2.4175331858526286
46 154 118.9416520831607
46 158 39.52866828686498
47 65 25.722960941606523
47 68 29.72918994787502
47 85 85.14488633566896
47 92 86.32015878597615
47 111 205.47932171276423
47 117 151.33837984802165
47 131 36.982907823453765
47 147 260.5436302784589
48 54 0.09220732962069403
48 90 17.280766598491944
48 101 16.8728234353972
48 103 189.0606783941572
48 121 6.955378748777949
48 122 5.665367913568443
48 123 59.807963094405224
48 124 40.482624599081745
48 130 56.50419330779794
48 134 25.990611848289383
48 152 133.50100729469608
48 153 97.57008372148768
48 161 51.00383291920378
49 61 134.08002040682078
49 62 40.87296226230271
49 63 114.89702913223621
49 64 33.654023617265516
49 65 164.5237023547181
49 81 5.614358599347646
49 83 81.98387305232868
49 117 1.261937341148006
49 126 20.62069066948406
49 151 16.48209207648379
50 55 39.20395215493808
50 74 41.838416875779224
50 96 232.88113613711704
50 120 7.485403276586055
50 124 90.28424729418326
50 125 47.36083843739243
50 130 3.411101839834938
50 135 45.885931906325354
50 139 191.89662565162297
50 151 133.5043310089355
51 52 39.93937377758972
51 66 72.95360583090834
51 69 102.9020521515074
51 75 260.43061040649417
51 100 119.55949353800605
51 116 21.63675687954603
51 120 79.2775475002961
51 123 2.247836177020421
51 124 0.8215932911909529
51 147 146.66512046761122
51 148 81.5887300401881
51 149 12.199005381554775
51 151 62.58239007445968
51 160 77.33304531605548
52 53 8.979336785071048
52 71 92.91921392149328
52 80 29.560316299870532
52 90 36.98288343376347
52 99 12.266906055399765
52 123 7.045637694135299
52 158 4.012313360532188
53 67 8.328885542275444
53 82 45.77134168239819
53 83 65.63427783512928
53 98 238.15951267618678
53 120 17.15679169471903
53 122 50.70197337941367
53 140 42.977995424911676
53 147 69.59469626701707
53 149 80.12707321941154
53 157 150.82959925143135
54 66 6.499124465058097
54 83 13.429592025173438
54 88 57.01824081353594
54 95 25.451734123839643
54 101 7.703963879345743
54 139 15.300293165182438
54 149 68.25827524072021
55 58 36.29760415143679
55 66 20.14015698456739
55 82 174.74765934766322
55 85 6.126775294244033
55 95 192.77956503232693
55 98 24.68645996962481
55 118 32.44766056072064
55 121 374.26147826734586
55 129 24.258569827626314
55 148 63.581175551398374
55 159 51.46331671653822
56 89 196.67514375114516
56 102 116.38121875091976
56 116 2.6444056361999
56 136 54.53910783948615
56 142 107.46341121959738
56 156 81.70814663651633
56 157 100.77146089949728
57 61 38.57012743432664
57 63 209.8145444943857
57 67 158.70250327541638
57 74 49.859987316918904
57 94 44.416319139423145
57 96 97.84849437358534
57 100 49.48541839444603
57 105 54.622848329216616
57 110 167.31365305651047
57 111 56.611592904845324
57 122 421.5822638293372
57 125 117.51346305986598
57 139 21.91422573267323
57 140 6.651762444150343
57 157 243.3517366311855
58 85 60.837680087186165
58 97 40.01571145283477
58 103 30.084604942031746
58 139 21.33562581137494
59 74 89.38144565771431
59 76 112.73991193840233
59 117 126.24233091481847
59 119 72.74620610570582
59 157 17.576048177464457
60 68 4.799146456562216
60 82 79.62057434815888
60 96 11.08737011607453
60 112 96.93726135753023
60 115 32.320457806952845
60 119 34.80792148194876
60 125 173.31919180107178
60 127 2.9386681120322287
60 154 19.35227840905804
61 64 1.9285670176645409
61 67 36.417461121037974
61 75 12.578037605920857
61 82 30.81327391305241
61 87 12.76147014816955
61 103 41.37787300310855
61 111 31.899913718031545
61 113 107.13144655383853
61 121 10.529196830995609
61 131 2.3215753886339674
61 132 18.596391190151756
61 154 37.17549200435749
61 157 28.036133508139155
62 68 135.96461689842403
62 91 173.01910907694798
62 94 22.239681809799418
62 98 47.119736992353985
62 115 28.12963215265092
62 128 41.86953952256863
62 140 55.06444815086396
63 77 12.773126218246775
63 78 52.074229223712585
63 84 273.6093582570426
63 98 11.488870530805153
63 104 68.9790405934493
63 111 24.887060798335778
63 113 45.58490068144494
63 118 124.93704798126699
63 132 30.130007691221728
63 133 287.10383682833475
63 135 18.7955724806176
63 144 63.62517889437277
63 149 206.82386061325997
63 150 25.41169887589645
63 151 32.74998373318162
63 153 49.14506089745228
63 155 30.876415958988627
64 74 22.045270279284477
64 93 100.59891147664497
64 98 71.37426313948679
64 99 44.20373672879225
64 109 46.84332180160908
64 113 43.91464666496782
64 120 153.44642435081784
64 124 155.32555392864992
64 133 358.1642890149282
64 141 102.30275663498327
64 148 130.4770050013679
64 157 22.291820628450125
64 161 185.10367101641918
65 72 119.4224091890264
65 91 44.75910399639889
65 100 74.45405366195767
65 111 21.165928021949757
65 119 18.753131013928332
65 125 117.7311811414319
65 132 73.26037871451639
65 135 47.403767871003026
65 149 42.39358447673546
65 153 22.152979347383198
66 77 36.56329748514169
66 89 110.04942242203028
66 101 12.07014898397734
66 103 94.17279200452425
66 108 5.156105884308441
66 117 249.7502117406984
66 118 151.5845505815172
66 121 17.99829731263403
66 128 48.71385602768531
66 141 24.620998429109257
66 148 62.37537819263069
67 85 5.059655958370374
67 111 145.94749008653702
67 114 220.29128328525675
67 129 77.30186773723786
67 131 6.847336071975509
67 141 161.08401788377108
67 144 1.9219588937439198
67 159 95.23072590961175
68 69 39.96985605317934
68 79 64.8045373769022
68 87 403.13136387524924
68 117 6.599204104785026
68 121 189.13956534041344
68 128 113.18193098647353
68 138 25.046489335252208
68 157 14.038192927149751
69 83 3.530360717677853
69 93 82.06737895686925
69 95 45.4816115601138
69 100 272.93251144480246
69 115 78.78735282843321
69 121 6.93269786293291
69 133 45.68056657335708
69 154 5.089250702403239
70 82 84.83873551400063
70 91 4.71895220541396
70 118 93.04761798900012
70 119 44.47882064570885
70 145 11.653949308156077
70 151 19.223153554238706
70 160 334.7182187107854
71 108 34.04550138965038
71 110 13.25058051815664
71 122 339.65585079491416
71 135 6.850531292095875
71 136 157.67757709567982
71 140 34.18623888660713
71 151 22.86950727200339
71 154 83.60348438317126
71 155 23.29313498572129
71 157 249.53550619171577
72 82 265.2990011848902
72 86 137.85690859409434
72 87 2.3558447258743596
72 97 96.85711425036015
72 113 194.5445657462011
72 126 32.855182317552625
72 137 68.05116259530135
72 147 33.703083335084365
72 150 58.671326390909265
73 79 111.67089669357482
73 97 126.29576461740018
73 98 5.228812668613198
73 103 70.42408519032787
73 104 49.886148587090474
73 141 81.28181869693547
73 149 32.60717349836276
73 155 223.7641709077681
74 90 33.70740774453105
74 104 0.22971361215891406
74 107 1.540684988280529
74 112 103.99796104731445
74 115 100.7301931269615
74 116 8.31298126171071
74 136 240.08332994912084
74 144 34.172470465992525
75 98 77.08834787070748
75 106 0.40436730849912766
75 115 245.50687873536634
75 120 94.89870588718091
75 131 69.70046849581524
75 134 10.565736436988002
75 151 68.38231861687049
76 81 13.28626225395175
76 92 8.386395270951386
76 93 37.79829490589354
76 96 168.70547282790506
76 119 34.7770130382711
77 80 42.17014856014643
77 91 321.7895095645436
77 92 21.032131793755728
77 110 18.374092062879992
77 123 17.91889016662867
77 129 84.66292789127901
77 151 99.02852481170031
77 153 131.5783304054157
77 154 11.780561288560591
77 161 157.48759740317902
78 79 43.84824054133273
78 93 1.837362953723763
78 102 84.32146931066438
78 110 33.6676284881171
78 125 8.965950005947589
78 135 1.090509382392288
78 148 16.526950530209053
78 151 55.527030437467566
79 91 335.7251348458323
79 118 18.40583195595794
79 144 77.42824106927786
80 88 4.766650820197344
80 91 33.95034634949834
80 105 51.30685430066237
80 117 375.3771882328307
80 134 30.064817635653714
80 141 34.38586554080619
80 145 97.44843192149133
80 154 5.636915735638554
81 87 66.41745894987717
81 89 31.440868749140478
81 93 16.8179358732768
81 122 65.1233494305998
81 123 38.591760045807455
81 150 1.7887829725207531
81 156 8.949637061037663
81 157 23.70175656695649
82 94 94.70338310383387
82 107 14.1769297942362
82 115 101.6116598172485
82 121 114.17648322364667
82 125 16.492361617036686
82 126 40.21713117926297
82 140 40.536366378997194
82 150 54.64669740454572
82 154 332.8799640216336
82 160 0.04164337620112254
83 88 22.02833703311771
83 89 25.64364963089639
83 93 252.70436052568
83 102 38.589951636953494
83 122 9.59204871878406
83 126 24.89341692224076
83 128 6.489677771796441
83 147 138.30926513044804
83 149 102.67790217680623
83 150 19.005477308344016
83 151 139.6279580866284
83 157 99.65222166499278
84 95 6.241127883709784
84 99 157.22523775610162
84 107 146.17912680875617
84 118 11.77579627316175
84 119 20.13761858403701
84 132 34.811463220116856
84 133 17.73498974356693
84 145 73.55799544411822
84 154 340.3377057055701
85 95 169.023529957864
85 97 23.989129230106435
85 115 95.63553823566252
85 120 9.31423211678042
85 128 83.30173706997977
85 144 88.40333799677488
85 155 253.0372903559609
85 156 18.425660638400913
86 89 321.0230217706167
86 102 35.16938186502564
86 124 68.02434027284718
86 146 12.666075654791324
87 88 2.7383481000054863
87 91 32.556589210211406
87 92 77.51197858652998
87 103 5.0386623037545
87 143 42.60438241529389
87 152 0.5113360056925964
88 92 124.12757707374836
88 103 8.425001106988676
88 104 154.47888875836708
88 116 161.75712355568766
88 120 141.7365767960439
88 129 69.87790960179429
88 134 23.925312756783995
88 141 263.9864817940317
88 149 41.4857509801091
88 150 127.40629073321878
89 91 148.33819846714553
89 95 63.57313569955646
89 101 69.14245530513413
89 103 62.104940020795304
89 125 106.45888549735696
89 136 59.057697601037994
90 91 392.7417843498522
90 100 240.1664359180947
90 115 256.0486719905104
90 126 5.68244883769121
90 134 62.93538306543262
90 135 36.917764203332624
90 153 191.52730495328245
90 157 0.6007539780796262
91 92 113.67850788044835
91 102 167.9263408993642
91 106 49.311189843606144
91 108 87.84075571493523
91 111 1.76035361785432
91 112 215.89389301300938
91 114 13.903208467160441
92 93 46.46928250741094
92 103 53.05690523859704
92 106 40.49366080793392
92 119 17.367682040263194
92 130 50.52280158640502
92 137 57.83825988196983
92 159 61.12872182097609
92 161 20.613377923527505
93 95 0.2760445403837193
93 111 28.62252278680675
93 153 18.543510358418388
93 155 67.342065521111
93 157 151.50742128766348
94 95 86.98260391391611
94 96 119.34996640144757
94 137 124.21014517749038
94 143 36.262754829987436
94 150 8.393656908464234
94 154 28.763943054637704
95 97 218.20530152549608
95 98 10.086972709120118
95 109 90.84814652473045
95 112 53.81579414191882
95 113 10.196832147168415
95 114 91.12891291696788
95 120 40.40346359950985
95 129 86.51066468305288
95 137 28.605263390224017
95 154 5.188898291115796
96 100 29.15030073496696
96 151 32.78938469985555
97 104 0.048387660483895624
97 113 8.898140230113352
97 154 20.386921563477348
97 157 104.1550079151602
98 101 205.27599578210993
98 104 136.14483333234026
98 109 57.59436671671765
98 117 26.133036067224953
98 146 22.208101912511555
99 103 35.36781497128113
99 104 64.28510461757269
99 112 44.123333510102405
99 116 4.622719568883523
99 118 102.80574851314147
99 120 126.5213156473145
99 125 34.50697373217985
99 147 189.80928912597793
99 149 23.07438596262997
99 152 37.16718676444101
99 153 193.34848486156412
99 158 9.357291199801407
100 101 37.13595743536485
100 104 55.492484465092744
100 114 151.55810198656238
100 115 82.07605934620325
100 118 216.9232728153531
100 136 27.516529081160613
100 138 125.42482878052613
100 145 5.8685860242474455
100 148 54.44194343694125
101 111 36.423738289669274
101 132 14.751980037163948
101 145 109.02945841436203
102 118 81.41610906523388
102 142 67.88261980581531
102 159 151.05255597597002
103 113 208.15617992341586
103 127 66.72799472057768
103 136 14.5565697933239
103 137 50.808905643040546
103 138 66.22345243812302
103 149 131.19517133613417
104 107 157.0812197606411
104 129 0.9951334745570881
104 130 13.06771660971002
104 138 152.7409799677535
104 149 62.064476522335035
104 150 61.47795201845299
104 157 1.2057071305782263
105 110 81.58034275903319
105 112 136.5213177842282
105 122 69.61180264833231
105 130 3.527616002054667
105 140 87.1836067792764
105 142 77.96896956530401
105 143 79.17704416432296
105 145 8.315054050999153
105 151 73.96091264920855
105 157 80.40660690420539
106 123 150.94320073160125
106 153 65.99319750364535
107 135 28.326528887642592
107 137 43.921703427684484
107 145 53.83739281272182
107 146 350.57474293238204
108 135 23.385546065638145
108 137 20.134771566231855
108 150 29.285055172268383
109 143 145.84688994297147
109 144 26.77479433134923
109 153 5.472624137336808
109 156 49.81760754637264
109 158 57.587946404920785
110 123 13.974940625589952
110 125 369.8251457864626
110 128 41.657031271071546
110 131 114.1899707347207
110 144 31.812578686027212
110 147 529.208308997596
110 155 159.63786860995154
110 160 124.92170012280268
111 113 28.514614081637696
111 116 28.51581774065113
111 118 181.74362171470813
111 124 119.96355302830392
111 135 64.1043000752177
111 143 8.818625818492281
111 155 99.82539399180327
112 123 9.268316943048369
112 124 13.683356726331493
112 126 161.11008154876205
112 137 57.03781871383093
112 141 40.423857327177814
112 156 118.54694335198805
113 128 26.916922957938507
113 145 23.49600236501599
113 161 34.11497476276282
114 129 49.85587050271552
114 141 50.00544759528382
114 144 66.05695863802516
115 118 98.632234152359
115 128 15.724578139536098
115 131 93.85517262554532
115 136 61.38075855162632
115 140 98.06227531397556
115 143 260.64606453864474
115 150 14.157108718066974
115 160 132.35584893945392
116 140 78.29826185986882
116 143 52.527163257430736
116 146 18.242998933933112
116 159 40.23627084604107
117 138 120.69899564002114
117 144 51.45438493969125
118 120 18.480451742533116
118 140 5.024301972204737
118 152 122.89380606762313
119 120 20.324407801527652
119 123 112.94280858200756
119 137 8.168003700639332
119 138 13.83823709988896
119 139 31.147183194093266
119 145 14.041732233817925
119 147 52.85482491365321
119 152 37.70518120045189
119 156 166.48678651775313
119 158 66.78804775838351
120 122 123.57276698897503
120 127 120.43634857444938
120 129 61.28900730715686
120 135 16.834633768349118
120 145 1.0262404860492946
120 149 69.42817794383681
120 150 20.671073068097368
120 153 55.703977790205464
120 159 117.8506063329175
121 137 70.47933034490384
121 143 4.109472917693218
121 147 31.966267082506953
121 154 117.12039709589195
122 123 7.615803349163833
122 124 53.811762408895646
122 135 33.68628756137695
122 138 122.84359887226066
122 147 1.7299142430412489
123 144 10.857370901854091
123 149 206.25923121152616
124 128 64.73728627615567
124 161 84.31208788690785
125 137 118.82820621718362
125 149 67.07795852660995
125 160 186.80128589260477
126 142 0.6701944551115901
126 144 269.34502560550294
126 145 66.45216517701972
126 150 19.657932951874077
126 156 158.33675556931792
127 130 39.399818339358745
127 148 149.36694379424648
127 149 165.36809293952092
128 138 3.7756617726251154
128 141 20.150032698312668
128 150 44.219594189991376
128 156 101.83945403231455
129 130 101.36079120911835
130 139 127.58281153853497
131 137 253.3928738325864
131 141 60.82191537149854
131 158 8.113955008106405
131 160 17.35604541750812
132 155 123.56075736228108
133 134 40.86604937125252
133 136 180.50758228716847
134 144 35.71686381468836
134 146 7.489698562081635
134 154 219.04083103900064
135 147 98.08022929184376
135 148 22.161520905012633
135 153 16.298313966895446
135 155 11.265222494890704
135 158 46.07757525403543
136 137 22.30892614950788
136 143 32.5380192520462
136 156 114.82398840570161
137 145 282.3922606530036
137 149 11.357448637467632
137 159 59.51308695508923
138 142 35.751113406204176
139 141 96.36908219234127
139 146 14.255083860409297
139 153 102.34811807430543
139 154 174.75763510500113
140 145 202.6104974953172
141 146 115.06259994027099
142 149 39.88208088692311
144 146 80.15421485079229
144 161 33.71735114310827
145 153 28.216949577148284
146 151 55.85143690678055
146 158 27.192799360775656
146 161 50.58310374684107
147 156 231.0477150361428
149 160 164.11080065649472
157 160 201.34706963624853
158 161 76.28099986051937
